SPSA MINIMIZATION 
SHOTS = 5000
{   'fun': 0.3452047461661022,
    'jac': None,
    'nfev': 360,
    'nit': 180,
    'njev': None,
    'x': array([0.50562529, 2.86704553, 3.01851577, 0.16349981, 1.84710729,
       6.26735262, 2.64035465, 5.99318366, 4.91335231])}
 
Cost history: 
[0.907770524038218, 0.9495187153993397, 0.8876711057471706, 0.9554930203677615, 0.9017469338623695, 0.8980997307940434, 0.8689128995523185, 0.9314009921941224, 0.8671533872458681, 0.8895769959692166, 0.8745317590554855, 0.8814183791250083, 0.8648629816188219, 0.9021680939874511, 0.9201539044847445, 0.8199774155182842, 0.8750953300980631, 0.7636633647280604, 0.778689584132369, 0.746856263353376, 0.7588530950412288, 0.7669424792777967, 0.7687610182983785, 0.7451554580711968, 0.7322797010641333, 0.7763639064433911, 0.7255972950525058, 0.7591393933093733, 0.699555073485234, 0.7850669336181821, 0.6829844625020323, 0.7326412584747126, 0.639250535269557, 0.7326556010170246, 0.6431202025735292, 0.6832120037878482, 0.6617822755360792, 0.6342065038113676, 0.6422447281163097, 0.6374683450650294, 0.6389636375162571, 0.6427040904850024, 0.6634445710359628, 0.6279225936336901, 0.6298166253636706, 0.6566945770384722, 0.6559213972330338, 0.6287377526254068, 0.6462692888764621, 0.6229243050331115, 0.6868057978199782, 0.5688541083721479, 0.5374844972152519, 0.5610380657216899, 0.5870933347249083, 0.5210845236398389, 0.5453374943205224, 0.5432637661494921, 0.5577862056032304, 0.5244574769878838, 0.5397903697273596, 0.5352435130090539, 0.5164369749327482, 0.5510746352976369, 0.4952543721161212, 0.5589914799336795, 0.48024141073468085, 0.5362134132964071, 0.5236583546234307, 0.45039900997018134, 0.5402128537310906, 0.41701131680011383, 0.4122837112360962, 0.39441567645239317, 0.3972561262555264, 0.4391692797831195, 0.4422465782961601, 0.38420366432758746, 0.424921914123529, 0.39186752066901553, 0.370453470753787, 0.40226678882226374, 0.39650331384067505, 0.3398495192228609, 0.34125292378737515, 0.37918241886614423, 0.4019280061057907, 0.3593122203690522, 0.35787001792276985, 0.3818766435563533, 0.3618227976792818, 0.3591180623329633, 0.39549355996121105, 0.3630397679927019, 0.3763585505783771, 0.327555112868818, 0.3649042948924762, 0.3437858894313429, 0.33443805731810905, 0.3681022698524623, 0.3162252257575596, 0.3657399195635683, 0.3775904938331185, 0.35229209386891835, 0.32487475572308144, 0.36440142921484864, 0.3715602737191994, 0.30874047631056345, 0.3060121243959162, 0.33913296781698843, 0.3438177678145721, 0.33029370805818203, 0.320659849528225, 0.31605285971066965, 0.32938001878640855, 0.3613146975266587, 0.33048707442997494, 0.2685310464708921, 0.2684643501697994, 0.3134152109371803, 0.3301597418660188, 0.31493707429636764, 0.3090553417785906, 0.3458203956428608, 0.31941880834596104, 0.31682637554716575, 0.334610206746087, 0.29312447926676, 0.3397513200343045, 0.31735146399382164, 0.28885857384548896, 0.29742598165341405, 0.32672375206935056, 0.2674976956154651, 0.2643802116595013, 0.3004727646384482, 0.29407165833068016, 0.2981699489335988, 0.25034559183264804, 0.3168980213446334, 0.28932984228606673, 0.2972150987996397, 0.2968563653372073, 0.28098166092893095, 0.2512364047651683, 0.3020489480372499, 0.2922503581880449, 0.32681773828187677, 0.2425621080478756, 0.2754533025607503, 0.27062898300452554, 0.2901436303341086, 0.2591746065057715, 0.29237650489962486, 0.26609238551859926, 0.28138332320728465, 0.2704302058323361, 0.26792644198050963, 0.2992763805119376, 0.2416968564877887, 0.264357408075113, 0.25573374560933626, 0.2532808969414788, 0.2718574086963106, 0.25940427815866296, 0.24267748215461682, 0.24255227523466028, 0.27240698120689344, 0.2555183755951058, 0.25086461812130945, 0.29596303369935983, 0.2219007743565431, 0.22142466952221063, 0.30332444461096897, 0.25088876987417275, 0.22237573492904128, 0.21268143186871846, 0.2664930487296049, 0.2065887607816913, 0.22288939097790916, 0.2389586874065338, 0.22151892920380356, 0.23192523696664546, 0.23050097962969396, 0.21640754426405207, 0.237595751244998, 0.21978873091776885, 0.23164205869456922, 0.22143756214048638, 0.2501644495524775, 0.24002994775488862, 0.21862829316539378, 0.21671877016114194, 0.24949609546027673, 0.2311331055885374, 0.19416246578516017, 0.2304792042206374, 0.25309925431470803, 0.21787472403020414, 0.22312404292880905, 0.24460038884381496, 0.20427650163143696, 0.20503164038355848, 0.20352276302795058, 0.23653601776447541, 0.20372645800311795, 0.20050258339607885, 0.2556090922599712, 0.20494626039879815, 0.1863894661932235, 0.2522471493929017, 0.18567372263926352, 0.22634037062923573, 0.20131515492759255, 0.24930712506780772, 0.16453298338686018, 0.13752308252514123, 0.17133488355832371, 0.21888378101659622, 0.18948784901154814, 0.21710565234357826, 0.18893866104169055, 0.18619235902025333, 0.21653319590083664, 0.2384428874285761, 0.23230195921691343, 0.18334806583842922, 0.1698929104862118, 0.1815869691884754, 0.16013672789557398, 0.22386862781296812, 0.22469722892641308, 0.1729754207941816, 0.1835686668177846, 0.1366785336118823, 0.19527396655741514, 0.20223230685721993, 0.27607708615708637, 0.2513918779720451, 0.18941253459043106, 0.2437133606487616, 0.20805745254623997, 0.21235089799845097, 0.1649279210561888, 0.13110837235628947, 0.17467585840870925, 0.2094735784730669, 0.0870772659256871, 0.18095885310122262, 0.15957581927755926, 0.09429537731426307, 0.1565002103239237, 0.1361961531494661, 0.14588744561696176, 0.12753259885503387, 0.17690744548536574, 0.12336052813598664, 0.14190286786384354, 0.1999156775599631, 0.1370566946715468, 0.14190148459304763, 0.16889543516963634, 0.15249532006639166, 0.1922512918375604, 0.19401451072379894, 0.2024616849275911, 0.12753517188622854, 0.12923301008932897, 0.08936874441315268, 0.12049094377801017, 0.17431590435363953, 0.20599249924247287, 0.12321078790468376, 0.19890909596076223, 0.07598598008304769, 0.20891521951314418, 0.24213564682657096, 0.3036498561638411, 0.22996406102915845, 0.6813676583394921, 0.4054784378289873, 0.49136170073985586, 0.39054615073897236, 0.3753539689187567, 0.35583724842537656, 0.4029942616364406, 0.470526408889959, 0.365967968008295, 0.3231792282815892, 0.3738683057789898, 0.4098503125854238, 0.2602622984956229, 0.26572535649834006, 0.20153708664095982, 0.2562090584004373, 0.2775184475093826, 0.24802453442633565, 0.26761835712567406, 0.2621541691626722, 0.22008297955004497, 0.2371412860424903, 0.20831713409603914, 0.13743373665413794, 0.27531725950587027, 0.18582591420358519, 0.15866866703752813, 0.2155103061744621, 0.2128830115947269, 0.1537589831740408, 0.2565456968061156, 0.1699068797382981, 0.19722870496171607, 0.12111665581239661, 0.22045457072573216, 0.1364727719061486, 0.14687090926297164, 0.1973056523500284, 0.13761844804241452, 0.10542743075332406, 0.1990956986599608, 0.12339727791489896, 0.14766137603170237, 0.0703950123345517, 0.051973315292077604, 0.12490134964224453, 0.06693279392182383, 0.12832267461167124, 0.12378147194547806, 0.11721009592969345, 0.15977461849503327, 0.14917093318108887, 0.10889397423581271, 0.09933049054403054, 0.17257346659529482, 0.1520990122381427, 0.04563494360595011, 0.14155007705463873, 0.15699488511094795, 0.18407796813018118, 0.10728374177921551, 0.16838235429241089, 0.26866725895137056, 0.043576753443660965, 0.5644590347645138, 0.3482362939756841, 0.38967938332237395, 0.3836474972621271, 0.37776986223489073, 0.3485869139926857, 0.396280227426667, 0.33632058750175187, 0.39040788861726416, 0.33226940863359733, 0.37597510033807613, 0.3470713493297144, 0.349565848027084, 0.3470398660706031, 0.3470427992988605, 0.35515396733688087, 0.3293874263537585, 0.3452047461661022]
 
 
 
