SPSA MINIMIZATION 
shots = 1024
{   'fun': 0.34921344817206657,
    'jac': None,
    'nfev': 675,
    'nit': 225,
    'njev': None,
    'x': array([ 4.17047628,  1.01672638,  4.09634188,  0.19126022, -0.42849851,
        6.22051309,  3.5706391 ,  2.65336531,  7.14057184])}
 
Cost history: 
0.9887979192225318
0.8953514061805247
0.9153151103818615
0.9850434008162919
0.9149247103559995
0.9986524828331638
0.9990618307129101
0.9100504410792641
0.923700738203008
0.9903434374627932
0.9757302613384956
0.9459999097069345
0.9977003308786944
0.9508926667758906
0.9950578211617965
0.9643533473542913
0.936033568890996
0.9895521205485767
0.987748585975411
0.9432421332841776
0.926162299281054
0.9945090387100564
0.9801731705013289
0.9676266089956931
0.9770420283738872
0.95776428740259
0.9922411690854609
0.9475397792431193
0.9760144096274563
0.9477860678091138
0.9757645426069274
0.9277987203943573
0.9785111256544503
0.9884490011928974
0.9949778698736669
0.9191674525974618
1.0088992352552817
0.9583185102074325
0.9644092615058003
0.9877154896419041
0.9437167747143317
0.9931537570893961
0.9924124552388894
0.9550934251657126
0.9710647575187532
0.9784554716026354
0.9825640597755013
0.9469678215933502
0.9957993875226628
0.9162468181552197
0.9561886055886036
0.9660181803727185
0.9648618214036493
0.8962496513388588
1.0070612415318028
0.9894766552469588
0.9047140342399558
0.9908094183476605
0.7501890120967742
0.7018370143457984
0.7611347849609472
0.6611891868373139
0.6203653341128661
0.7645232717353805
0.8038880239915108
0.7864048045381602
0.7915992928239722
0.8192746419129924
0.8051226539924514
0.7987642465129862
0.7926841903226792
0.788402178815303
0.8212973526133522
0.8187574107355924
0.7765398601084577
0.8438760594570481
0.7780814546101138
0.6558887153063746
0.8500737310251506
0.5309300467339924
0.5319892209464239
0.5882692585681246
0.5857265502918467
0.6994234337343899
0.5487496161790979
0.6102896142746692
0.5301014852180755
0.7220795398622047
0.34399009530340363
0.41553617838059465
0.27035452717953556
0.43539770542043166
0.5648986389737415
0.31249976259572143
1.0292815981275183
0.988383012783567
1.060905555719688
1.0115018283161965
0.9408721814602721
0.9825303678453092
0.9291972916057594
0.9915246344573077
0.92611872203419
0.9268844551325675
0.9180793137275924
0.9707474863533693
0.9005088955392073
0.94868522803568
0.9123486231435644
0.8989147421260649
0.9541078478843862
0.8698930366154457
0.8970012805919181
0.8516575869029006
0.9110936962010788
0.8750544017369141
0.9154009615136336
0.8252138814353623
0.874252529436366
0.860954643416928
0.9121617233062415
0.8514981229569599
0.929085989136549
0.8444270549229511
0.8122173571359661
0.7653359985049917
0.8983048148777174
0.7080974622538114
0.7349784716204506
0.7567005270273528
0.7350134530495958
0.7429803499552774
0.683620810516593
0.6811565270843833
0.7188185461475305
0.6160696581535532
0.657638900959466
0.6476007401315789
0.6592530169845053
0.676337299822064
0.7272959275854594
0.6297110465577411
0.5907035333535187
0.5616362097473475
0.661543616649122
0.5516570782593124
0.562118048355452
0.5909063428452982
0.6129832385628315
0.5465774378783848
0.6147229927777014
0.5723377415840596
0.5728294780236164
0.562942805573958
0.5598986609635789
0.540566422891224
0.5831408390562107
0.5199053938983298
0.5593742675018232
0.574351721150091
0.51070834965557
0.5424437624229141
0.5727145405608411
0.5425747058026392
0.46708484927234917
0.5804612063906014
0.5178905221916497
0.4770993212380845
0.504952968554443
0.53314965695412
0.4550223903644225
0.5925483592118999
0.4199895847276135
0.5916118083059334
0.4471330166530565
0.41492981334124013
0.4033348610701961
0.6131023848684211
0.5751840026693407
0.6700172139166207
0.5639200821252314
0.5049934246109289
0.5243531124415649
0.49694669470038955
0.4685556446535529
0.43968763400514577
0.5102398694173511
0.4746759527542951
0.38149404145836585
0.6074835828849039
0.5994211057789709
0.5422562145178542
0.6713478140748546
0.5652347729539859
0.6142727844954776
0.6212262955993051
0.5627123851565119
0.532963213006741
0.6014007482394366
0.5344809148228014
0.5983764196597658
0.47110946379819474
0.43982389624077767
0.44271120262230057
0.6277252079961562
0.7298459124738701
0.7961349130180386
0.6506017480610762
0.5143195494797932
0.5566966947170504
0.47816165652208964
0.46598066027651086
0.37556442898555775
0.6375492543646946
0.2763717376787437
0.35411207474974626
0.2303296237769753
0.31175581034647315
0.4613946328350744
0.37357977307527956
0.4155152117107509
0.43020607133596944
0.37961362186805114
0.37829475271842816
0.49690115227362297
0.3628954920396863
0.3104567713772345
0.43260155494601427
0.3008722918812775
0.23298650718324998
0.23519451706108974
0.3594557618054869
0.3604039531920602
0.3290532599165559
0.5191164147947783
0.21207656666313435
0.23392635196834421
0.544572115543579
0.3255966861182975
0.278905964403217
0.40078680917931697
0.3403647379750594
0.4012917047639697
0.3621618357057279
0.3512054009318295
0.3647209705653527
0.37500390976879194
0.3139597830618266
0.5326626458897159
0.40086960970554375
0.49240453575206533
0.4364298938428066
0.502919374394105
0.5090282846715329
0.5178696493167203
0.4932700189155108
0.455659301449986
0.47631514154121024
0.527776903188526
0.471387224050435
0.3926024203157321
0.545675819066771
0.3514967475175399
0.4537570608600583
0.3237343362619939
0.3307336453234555
0.3567758471555392
0.38393955108455025
0.32957581022413673
0.33772152029256486
0.3510748728966828
0.3698214474239865
0.2581653474066302
0.419853074654467
0.2882751353171378
0.34710375258730497
0.2798369209409428
0.310881741916493
0.2689613105347438
0.29848508122527284
0.28864480759782984
0.3703245747189884
0.3017482910326277
0.3075698659931628
0.28235165722192923
0.31792781501487055
0.35295795566457555
0.342129845689488
0.36843642052211334
0.2641945066709088
0.40574559420762446
0.38391527078919496
0.275256116862007
0.32489480179524977
0.38506837229819135
0.3006572982774254
0.34415748118269385
0.2570257977999406
0.3445636749267579
0.43348313759168144
0.32490057831826846
0.33535487793248153
0.40939084977867946
0.331175161785639
0.30273447703348666
0.3083805413645352
0.28338741706415593
0.30078343715005607
0.30429540694487944
0.33924976098651805
0.30164300965082225
0.3187586079977204
0.2686163882942768
0.3128648222477065
0.3948337681619004
0.2538706623177912
0.37776754880296715
0.4059394478762317
0.35543568959351535
0.3899987417642753
0.5723878082170184
0.307008917847706
0.5171775304524362
0.5407395947826551
0.47226199572127137
0.42679681796850566
0.5587749651742906
0.46314640942985863
0.4268106119287375
0.5292451750073438
0.4663728511141928
0.5108380960824968
0.46615886896694936
0.4124851507951901
0.48724637041709107
0.3223198405516726
0.6385677163148418
0.412611504108198
0.5441596733892937
0.4013227647941682
0.40453147912772325
0.4316781206102701
0.48975065100809567
0.40801201070349824
0.366847620065064
0.43218208422730575
0.3784850337033524
0.42300921911340117
0.4204101143482365
0.36179833624539415
0.39110549390910154
0.4076454088656388
0.37469510663379335
0.45161385499453977
0.4311961807167395
0.3411811280645719
0.49835071181945556
0.36303153298757984
0.41420113517745316
0.4454656381321386
0.3572052488297721
0.3159545491385698
0.3589552017405063
0.35370789678015413
0.35958000816357905
0.3040438537013401
0.44399225423753275
0.3668910931981316
0.35993008259171666
0.4042947386329737
0.3631243234750682
0.2816957276442956
0.3791131781448379
0.2858307029321504
0.2826182755919221
0.3875422958552496
0.287794680937027
0.35229499819279475
0.3164516789342522
0.26441404572778016
0.2675858411271468
0.3681594483785138
0.27214899509318
0.2679558137445428
0.30188710749123193
0.24886664684256066
0.2334893071888532
0.26739014101280056
0.18973682326263352
0.2409801103485788
0.26766344221328975
0.22772786684311008
0.2915023855867832
0.2775900401707103
0.2518301479041388
0.23245406532539092
0.307469543877117
0.15630925813033048
0.21883924583960146
0.298538257001427
0.2507224036358985
0.3277411729722166
0.17821893609335326
0.27029589697824996
0.355268964518652
0.272248035647754
0.2916270188252239
0.3904294209114034
0.3109506307851575
0.30278466934724957
0.31212784061328624
0.26827812450682564
0.26858551942885855
0.24426673924427
0.36216299987915523
0.23336616432068547
0.26730406028722453
0.2744460570292272
0.25894295603498674
0.31833170003246036
0.3504646115186737
0.31278368544211366
0.25765881842975624
0.3161695680494534
0.2416118900660964
0.2931483499474685
0.3102642041129605
0.2809261851819189
0.2648053800311453
0.36402678616084827
0.22804060196858045
0.38419411612639487
0.2909486667875929
0.21866984817216994
0.24046389497335396
0.30398876480247383
0.2645524930159947
0.25995038305766405
0.2776326510741226
0.2844414322339247
0.37473832379655736
0.29155760605526027
0.37064393648698435
0.19061305440033893
0.35020215223735407
0.24514275058830115
0.40462970890410965
0.28050469434654224
0.29479153011488246
0.2889836315680596
0.3130389215528351
0.28376067951801753
0.34387516447368427
0.3029358596076267
0.2580537249328225
0.28007012104870266
0.26499363141250887
0.2915024271701061
0.29422149768854244
0.3181156062760232
0.19223379346229197
0.42608218947180965
0.2955812839098815
0.38279241182259893
0.3983063762952289
0.283246328390403
0.3335067085597826
0.36452370607181583
0.23574911244663088
0.2638449318516699
0.33088872995134255
0.3474802692803285
0.37274136471844177
0.30852834837531573
0.4646247687070614
0.3434860811320454
0.22549330161745984
0.4266695148781494
0.25733446908055335
0.10504848891681895
0.23552394987358272
0.27737686392622585
0.2846618736997226
0.2288015047277817
0.1536480958107307
0.19909670323047257
0.13233429584896828
0.23797616861274384
0.17801038187307328
0.16713015946579923
0.16648268367410435
0.20251206129690835
0.25819744646088116
0.1349553734477723
0.1810087696605961
0.2657878175456302
0.16157279469591057
0.22880323657293933
0.30184365877814856
0.09173296677669363
0.2543657705906822
0.29013041787298854
0.15371142831199935
0.1888708511655437
0.2559676108910729
0.16071784208059992
0.25519796821213436
0.14097249034749038
0.2871974718090211
0.051504962244331876
0.15667804627033655
0.16210379883546222
0.2711052244409635
0.23484065818050204
0.18115957342682254
0.28039716803865433
0.1735414695766727
0.2689693224856514
0.3119662315170856
0.330083128736123
0.18576270896589464
0.27794875256056295
0.26495139382102273
0.25730236039127474
0.3060219011298687
0.19149546244238036
0.21732248353564054
0.2117473727244551
0.32687562861453356
0.30424999811928277
0.23603712567367885
0.37271391352108185
0.3282666293936036
0.44730898762719706
0.23649268927760703
0.28530431256121447
0.25798394389806434
0.26514027805035323
0.18097641409538978
0.42324796806439824
0.18692504192537995
0.25009860802215556
0.3481745205418546
0.29142532000396915
0.26974250930196
0.3138691818082766
0.2836079751291585
0.24781752189512174
0.1833323023808644
0.3279799287138251
0.21109425231656587
0.2941477397021649
0.15060847625403817
0.2333957873982363
0.21407194780366368
0.22591277030692902
0.2903967944198229
0.3846740835726197
0.24175872364974438
0.27495191488757653
0.2713041503832144
0.3021011916883145
0.2608787583560106
0.3153898433836174
0.4192676012536437
0.26074266472552554
0.24609006311939607
0.48540612688037255
0.33377021948768393
0.4556091365618188
0.34827890618560964
0.42236943907156677
0.43294218338885593
0.36347544855038016
0.4094355961330399
0.3224068774696748
0.47300579561462597
0.3596003537359985
0.38682547261426914
0.48533899443911643
0.3239734783867536
0.3103667726373437
0.5475563414769368
0.4297478766856847
0.4309352737706772
0.37878440352037845
0.40609038876397663
0.387661005724648
0.40450101863884025
0.36304855958643956
0.40748424420321494
0.3638976778257813
0.3489847428467948
0.42691902424942263
0.41948865869592944
0.3390843010737252
0.42478016177234923
0.4215977132755475
0.44438481406123187
0.3767774310277834
0.36571199770426055
0.33067034907644477
0.31647908870165264
0.3983204189373297
0.2832085165293856
0.4186292151374589
0.2675984270683681
0.2553301082368057
0.3958378515774227
0.24956729585894744
0.19001838776356628
0.19382647701054723
0.2898017597722711
0.1654232600442287
0.24497689901047737
0.24132140290827075
0.2295956054322067
0.27874130120798324
0.2893624131358793
0.2010383981653857
0.27397378677395035
0.16501161961523791
0.17411516910890013
0.28214460830095633
0.19385791890969495
0.25226795766789023
0.20076806795770796
0.37918753994650134
0.2099934860947381
0.26859876219305057
0.24450695623015462
0.26242784761416116
0.2240422102955375
0.38199785054565494
0.25484650140752285
0.2638949594073863
0.3028307560867791
0.2532661316453012
0.2707388978637443
0.24971363446245443
0.26085721009036145
0.3853934278175395
0.1880374322648789
0.24479659438261392
0.30169246251907944
0.21535842483108103
0.2465001253516358
0.3047497790792715
0.3175115561726659
0.20161256689349905
0.23806611329023641
0.26666217995857844
0.18140892296280675
0.29196855208097716
0.19346919741812174
0.2754000292576906
0.27904201720241084
0.2389064187365011
0.179316146821632
0.29681892724461223
0.2671970300274398
0.22449710492910513
0.1982704105996015
0.27749144932102787
0.23423395604102126
0.33497930484062566
0.21990712644521726
0.2624278031339201
0.35158835616726036
0.3038425329447981
0.22170693498262972
0.20257882119150106
0.2759972056126667
0.2019998505908709
0.2740213576001521
0.2864665400124071
0.20042974705347727
0.2589865441843522
0.23174961097920954
0.20007292741103655
0.23849530786931494
0.29229319728466974
0.21251153840562875
0.43121429532395206
0.2640023700136723
0.28197759797385924
0.17314653820495485
0.3985973192976475
0.41653686341809837
0.5431634251705727
0.3048330287668003
0.26939766052486325
0.3531841049590727
0.23889657999809877
0.21479522171705245
0.3006202574785388
0.25547576081170154
0.21811108356082265
0.16517250504032255
0.2995760866423527
0.28332086981785776
0.29608185153880184
0.26742241974142944
0.26515263587607873
0.18493393144906467
0.28512787168620957
0.2822143624641834
0.21362196355637353
0.16789637168273852
0.2611494778199742
0.15959988031513883
0.3542317791757432
0.31533735155898246
0.2947548218229038
0.2809310701780845
0.28799555352393624
0.22122607571244568
0.32926242064659894
0.2555746219351053
0.25054486787908414
0.32971779227745723
0.17889851485148534
0.41676383399209493
0.20786112065733575
0.2954776660010344
0.34921344817206657
 Best x Found (Tracked by Callback): [ 4.06522593  0.38518376  3.63279426  0.62212146 -1.39977184  5.1983293
  3.94480054  2.20635731  8.0933632 ]
Lowest Cost Found (Tracked by Callback): 0.09173296677669363
 
 
 
