0.673110795511833
0.6680453416038319
0.4914997091168324
0.6455584543700469
0.7163657466318559
0.5612667699844657
0.4239478600181985
0.4737772779145707
0.3430935931617808
0.18583018307205057
0.3916914859656926
0.23958048106721097
0.9381005172661268
0.24473889060646603
0.19198884079893697
0.30863689018399265
0.33403637305566947
0.2826997993871445
0.37817736469855456
0.10103189807637658
0.3259805512242182
0.34904179497969845
0.26282685900369285
0.27222531599296906
0.16093882635376489
0.24944677929273018
0.12152057151324114
0.17715806101003018
0.19653669522711004
0.11758024572563042
0.25057178244178924
0.2865252857672511
0.03706942605110097
0.2267825529410622
0.14975127357687412
0.20115899807306437
0.17055117683082965
0.16997102604829706
0.20016907741387469
0.18787049275468826
0.29742025143305073
0.19828869908509872
0.2323319292481072
0.3414983229947396
0.1625055381767112
0.19850421308265553
0.295997842009021
0.3033242394757051
0.4274254153158261
0.18015878153793852
0.23576402918714667
0.24480869095957059
0.2792610332410834
0.0845781194224412
0.19744044199728372
0.25390361343837076
0.1339769752420541
0.14354843934189687
0.22088593355040387
0.12984824651896298
0.22225688444728386
0.2793818142219746
0.22017981072065063
0.26042606882379016
0.2875449467246559
0.28480189240835574
0.2104319776549971
0.2676060218576981
0.3046463857517724
0.2855654712669212
0.314759636213635
0.17530626144773165
0.13548247070197295
0.19689886509218346
0.21433159785750866
0.12850674824218544
0.1544381166246943 
 BEST COBYLA MINIMIZATION 
SHOTS = 1024
 message: Return from COBYLA because the trust region radius reaches its lower bound.
 success: True
  status: 0
     fun: 0.03706942605110097
       x: [ 4.193e+00  5.751e+00  2.630e-01  4.037e-01  8.060e-01
            6.493e+00  3.165e+00  1.198e+00  1.929e+00]
    nfev: 77
   maxcv: 0.0
 
 
 
 
