
SHOTS=5000
 message: Return from COBYLA because the objective function has been evaluated MAXFUN times.
 success: False
  status: 3
     fun: 0.16599034013997294
       x: [ 6.289e+00  3.132e+00  3.841e+00  5.986e+00  3.645e+00
            7.705e+00  8.679e-01  2.210e+00  3.440e+00]
    nfev: 72
   maxcv: 0.0
 
[0.8715964878294034, 0.742312757305563, 0.7872535148621905, 0.6191031846665869, 0.5660046266413257, 0.744108250747465, 0.5073633993736584, 0.40876296390785616, 0.4658106401900346, 0.40527976063435844, 0.4893637421502246, 0.5732780764866496, 0.6394814156654791, 0.48304932117114896, 0.3305408891091898, 0.5205371908842134, 0.34123033756749166, 0.27005473624146914, 0.28871444337141916, 0.2466013424183473, 0.4502848299905188, 0.31370674464237647, 0.7607834743138808, 0.3958463347572757, 0.5683244786133164, 0.3039805014812479, 0.3041047269793009, 0.3610511170139261, 0.25014691084405793, 0.20798875361323832, 0.2809228579341103, 0.21846662887549206, 0.3284223459119755, 0.2668678686467263, 0.2607259334235519, 0.21875209192085743, 0.21253472880595792, 0.2239658973159636, 0.26956628560125717, 0.22333051836043472, 0.26972479257374404, 0.23640646891370065, 0.287093549705706, 0.23689871778772498, 0.23474194848115304, 0.2227547047961409, 0.22959268775461195, 0.28686735523320017, 0.27892515104573146, 0.2827939924194319, 0.25382711160484717, 0.18721055792493635, 0.2717025188182577, 0.30942861825852996, 0.27501998764330327, 0.30227217828986064, 0.2792300353487508, 0.26647215779428, 0.24970438813264617, 0.2698548527710346, 0.30094685852067427, 0.33060588870257623, 0.2916896821375423, 0.3005522447695391, 0.2448988841290407, 0.2654281890624507, 0.2581220916443753, 0.24684266280695188, 0.27439001318031186, 0.16599034013997294, 0.20821266576299957, 0.24785579617732567]
 
 
 |n