 GSPSA MINIMIZATION
a, c, alpha, gamma = 0.4, 0.2, 0.602, 0.101 
shots = 50000
Final params = [3.18323139 5.39856137 5.16795693 6.18044611 3.78100895 4.29186421
 4.67845178 0.87282472 0.13617519]
Final cost = 0.09364938684578983
Best tracked params: [3.18323139 5.39856137 5.16795693 6.18044611 3.78100895 4.29186421
 4.67845178 0.87282472 0.13617519]
Lowest tracked cost: 0.09364938684578983
0.8562718780907659
0.8505202642055852
0.743556798792923
0.7491328789215188
0.7371417309561179
0.7337689781672515
0.7313457165023166
0.7297075357637699
0.7156025844130749
0.7073851233514704
0.709236203641767
0.7090877393458704
0.710245713184368
0.6978940342242685
0.6941849830334692
0.6962468475874244
0.6905132021592448
0.667107905122938
0.6551833225043563
0.6498232662571737
0.6414755878676737
0.6469487286922888
0.6447665935367186
0.6427297811789099
0.6350630670217876
0.6336413597029418
0.6277587438180261
0.6361775662275697
0.6359891173204038
0.6286896731460605
0.6254126213933464
0.6188891054868884
0.6279198887091353
0.6211590954042547
0.6260712371497401
0.6132403405336231
0.6171566308170191
0.6140222585701596
0.6104163703700247
0.5945663203875746
0.5939964538261859
0.5839723324820509
0.5835649404345814
0.5822434600360631
0.5865897686505057
0.5785796905605056
0.5764919065837815
0.5737093840849246
0.5602171785761347
0.5512561712663105
0.5559293022775198
0.5489571797363808
0.5495772691383802
0.5491399377590078
0.5522184247949395
0.5527744295395571
0.5475103964065893
0.542012252070146
0.5386803857910852
0.5281771146368247
0.5247010656728981
0.527895374391971
0.5274490184759497
0.5170653968409118
0.5191434762688312
0.5150898846858928
0.516365482857762
0.5128888209769686
0.5164634440450705
0.515839880743579
0.4951248186392564
0.5040695537190083
0.4864418134165629
0.4731889264023573
0.46556290945557677
0.44848976213991654
0.44617380230932957
0.4520180481564571
0.44991576651506404
0.44641360989690193
0.4397510790208903
0.44288067095475503
0.4417733399474759
0.44092764315265054
0.4411758672529339
0.43147245805971757
0.42506686430174945
0.42872607016738984
0.43220072104921314
0.42340527677642636
0.40982862119551877
0.41333376048599857
0.40480150409715654
0.40602925699465764
0.39378676870033213
0.3964646226243915
0.3883822233196903
0.39505616349540984
0.38984513987698854
0.37164594857923483
0.38268175617027766
0.38586842401659105
0.3776987000141401
0.36020039547042826
0.3682738215164053
0.3600882417321295
0.3612902868591492
0.36035170811718864
0.3611805944198212
0.35108804283997275
0.35219852710750166
0.3519039508961542
0.34943074833339627
0.329630117772878
0.3347996533894583
0.33406509928126726
0.3325385173270947
0.325756558420916
0.31805746290651515
0.32045076913280035
0.31961096610872874
0.3177169912697063
0.3107574312291901
0.3113513452511858
0.3120073062158599
0.3043193021045376
0.29268708397766097
0.29628607823854824
0.2928220436165321
0.288100314772873
0.2848062976480821
0.2842796233062622
0.2883085002693614
0.2866440630837359
0.27240518451391604
0.26712929444196754
0.2642218150339849
0.25581526266959087
0.2621626643834636
0.2572452137263008
0.2597119793759176
0.23639799891250568
0.24842983171346744
0.2486501845953597
0.22312640251451032
0.2339129849261692
0.2277375677291873
0.23393948336545423
0.2059646585350482
0.21638664083307724
0.207718959993884
0.22679419911228227
0.19450535146513392
0.2032685056151995
0.18993537747472644
0.2002164769494329
0.20286917103934043
0.18633529209237165
0.19608864697295392
0.1812688795749552
0.17231956538031745
0.17640566991500606
0.1680555542076162
0.17947183876238026
0.17273077844819062
0.1632191540437936
0.17090424119739056
0.15770924353513893
0.1708832142770711
0.16912467315996293
0.16893214997152728
0.1574861209732744
0.15943504719327883
0.15928352135735568
0.13363987698321012
0.1522820240391639
0.13383508357814256
0.14186836569125283
0.13956367858672825
0.12826433584134977
0.12211824920219849
0.12641428303371205
0.14680319454109347
0.12402855519446476
0.11107135962708181
0.12664187079224754
0.12122772126192305
0.1232267428308933
0.12974667190986267
0.12482495491126067
0.13240446324758814
0.1356315629683008
0.1295141249173739
0.12445254604138933
0.1139236204681805
0.11426447340525092
0.10478057435173116
0.11318719448307402
0.10666129547971004
0.09364938684578983