GSPSA MINIMIZATION??
a, c, alpha, gamma = 0.4, 0.25, 0.602, 0.101 
shots = 50000
Final params = [ 2.95550433  2.08927307 -0.36915533  3.04815135  0.13067103  1.45437513
  1.30111156  7.19082439  0.87199594]
Final cost = 0.23203372704779046
Best tracked params: [ 2.95360064  2.09117677 -0.36725163  3.05005505  0.12876733  1.45627883
  1.29920787  7.1889207   0.87009225]
Lowest tracked cost: 0.22156255791533785
0.8368334508039003
0.8042423102096291
0.812399344183793
0.7884749433716671
0.8290685229372368
0.8024687154169337
0.7791474479404233
0.8499452625734183
0.8038079141038639
0.7846348498163309
0.9251484108096386
0.7885083179717502
0.9323721762091273
0.7034742906466451
0.746623271787064
0.6494819470860134
0.8294114404131778
0.7215903938701583
0.7614581748995373
0.7189178353537551
0.717735422274509
0.8060318741373281
0.6262610873118539
0.6979568474211277
0.7370189268641373
0.6987541404839658
0.6962955559677542
0.6749818900744596
0.7884731124273119
0.687975116311483
0.6675897659268044
0.7182991329633672
0.6869831197368153
0.6842432379897225
0.7147489116480097
0.69011485985166
0.7674032968761888
0.6736390328955657
0.6840256054549312
0.64342642968723
0.7431428252960168
0.6797439352205041
0.7286285723773904
0.6428263972883914
0.6775458468051915
0.7103587278028731
0.6701925640783745
0.6742938659410969
0.7288505301822241
0.6088161612390667
0.6645034546734148
0.6675008002722532
0.6671100268686241
0.6683049613965615
0.7391760067354285
0.6228503131289291
0.6591303817933032
0.653757038960657
0.6844516906262834
0.6611897183385849
0.7419090081752163
0.5298728800168905
0.6351666739763082
0.7223758503017255
0.5677422299510146
0.6253857261201101
0.711623124280739
0.5524267192103083
0.6162908313071176
0.6466471849586527
0.5871561670273365
0.6102626641005209
0.584302975138843
0.6427356063354934
0.6101286423894015
0.6351587681221981
0.5774014853225472
0.6088102816049766
0.6797949894927768
0.5438191166135808
0.5999805885626245
0.5581407775967392
0.717777881372491
0.5872370788605403
0.6263875337162736
0.5884359133885239
0.5902752658845998
0.6308794583813978
0.5634425757136143
0.5865612266034035
0.48775111581795605
0.6805854683746693
0.5743009276591562
0.591459039271841
0.6082765204430846
0.5703621128383984
0.6372954882658952
0.563147392181796
0.568274519338754
0.5592613958636365
0.6075170938509664
0.5730204225929818
0.6059331476488452
0.5720776625734547
0.5720170099632018
0.653572243894621
0.5371581585448859
0.5655370971290139
0.6340726918749159
0.5162294571782657
0.5589248600216659
0.5296935737998678
0.6440722228000402
0.5552725585719858
0.6842762295145559
0.4414939908537119
0.5351554091303605
0.526438765387603
0.5562414006203752
0.5311811768177721
0.550036089813789
0.5276703394208546
0.5370053070053028
0.594161435579479
0.528199323839724
0.5329445752365441
0.522457932740847
0.5552000394620467
0.5291526249025833
0.3814809608110815
0.6650582172629919
0.5052732365883998
0.5161195400188704
0.51455201867456
0.5055295688885266
0.551591729107593
0.46810618537856574
0.5018969724704291
0.5259278733800894
0.4944415872644544
0.5005663558607878
0.5399201992620372
0.4914878300936366
0.5005199238925346
0.526754155749254
0.4842543459570331
0.4968490371965162
0.4153928955414541
0.5926626565049676
0.48919789533154656
0.4407091224656987
0.555822905646391
0.4847765266094193
0.4938463416535208
0.4992224317004227
0.48446021630452474
0.4753022125743267
0.5688249903693974
0.48380809649381284
0.6152756924332239
0.34678691749759094
0.4583085045765445
0.4527679829225838
0.5096518317063543
0.45765103237373816
0.5054823864870925
0.4422505605433523
0.45253336377503584
0.4571140600157423
0.5089578862651969
0.4492491602203179
0.49163380876856433
0.43846624619624575
0.4492527208717916
0.38747827694880366
0.5445515396612064
0.4428607813201707
0.505214984679651
0.42971700949763036
0.4433069944545246
0.5145625807278196
0.45255609867397006
0.44510850502745336
0.464174399083763
0.42491368657728035
0.4366956665962519
0.3985062426564374
0.4938880114512674
0.44132058507019867
0.4522321663636987
0.4569853004017723
0.43724456088462704
0.5052584781976897
0.3729811659471496
0.4290606011379565
0.492216585675185
0.43177426542284403
0.4324866061411309
0.4822942154703522
0.3965929033996739
0.4269057536176194
0.5143177906374956
0.3863059703687708
0.42081326660649854
0.42944391035256146
0.4765191198899338
0.42263709151087203
0.35212636674452136
0.5240243476183641
0.41581209307176215
0.4706736896929721
0.37945143223398203
0.40938034644012566
0.4978427862397876
0.378577949986847
0.4086412166511577
0.4230876666937895
0.42106498060906106
0.41320579756675113
0.3825248740887468
0.43435587179296997
0.4081322979789239
0.45314378860273963
0.37290528519694466
0.4008357790624616
0.3575628665902467
0.4575790007157714
0.40346195282350117
0.5128346968134516
0.342550990011977
0.3912239936742131
0.37011904966913456
0.41804880267215994
0.391744147813055
0.44967021523546047
0.380339884682912
0.39572360364113845
0.44819747595443615
0.3664855142490123
0.38961509705547925
0.44421758869520733
0.4063728887287099
0.3895776117567349
0.4843570862525792
0.3065344307269461
0.3876576217346491
0.416259421319098
0.4306278322541196
0.3811205346394012
0.4735989323941817
0.3101189986789997
0.36940213201104133
0.4191511728713877
0.335718453621064
0.36764574800869276
0.2997332938912517
0.4761632127222526
0.3641665915377966
0.3976212565422177
0.3841738749509619
0.3671754024681909
0.3901608924950739
0.36171937044079683
0.3656662975179823
0.4463182140327201
0.36258860387510516
0.3650493910997046
0.4294863516816013
0.3388548647588251
0.3593991978523542
0.3770559168209072
0.42158112986769103
0.35790221002589295
0.31919605553046526
0.4485544672265147
0.3496964594798053
0.37504055947186954
0.34819182552212546
0.34922483104438773
0.3733396434389079
0.4085394022748261
0.35580703697814975
0.4143064197511639
0.27838847161817115
0.34566411787562523
0.38015263602142724
0.33259986557907617
0.3412888584313838
0.3075561005895511
0.4660292124799742
0.34348083438443855
0.32756257924765264
0.40960460536339927
0.3339461997678972
0.36296372096105556
0.3311706310859702
0.3360720077637841
0.3000089070661718
0.39314345763321434
0.33171150892249457
0.3555924100870449
0.3474576794857689
0.3332860090857851
0.3672293859303677
0.3604283291305258
0.33684230411879357
0.36483075866416925
0.38018693009472515
0.33435925163934965
0.404331364404231
0.2943768941104219
0.3258250594002111
0.32704245642587326
0.3766193321336436
0.32924708952942283
0.310898313406886
0.37979997809772204
0.33339103937912506
0.4444470341386759
0.29558366962524285
0.3182983114858796
0.3093927785616918
0.4336826941795404
0.30697258599495836
0.354082348503322
0.34581564853542424
0.3131416386748813
0.24919379024778188
0.4089850404772448
0.3121787479374831
0.32461496453457694
0.42182447787583055
0.3038518441866729
0.3493532451022755
0.26664194165135713
0.3008600191009769
0.2447647027845734
0.4058263511740343
0.29685476159102775
0.2703384839898655
0.39119123053870497
0.2935441669866663
0.38657571167779703
0.3353327343215212
0.28852419821998754
0.32017686614545726
0.32525968322018217
0.29644505066873206
0.3506575445227068
0.27638979536642416
0.2918265723131358
0.3317004977822561
0.3848068262929647
0.298167407644781
0.38112100593149845
0.27790216416185676
0.2853048042881211
0.3548873603388799
0.2564788304937755
0.2805463780984887
0.3020752732558538
0.2734857016927571
0.28274178796902016
0.3738326306492341
0.2556014272132042
0.2862736018651978
0.28543417769160584
0.2974813039044585
0.2784049710977382
0.33629218946852957
0.31060581491988004
0.2758594020226868
0.2702135229853976
0.33375101292691556
0.2781095196836373
0.3490114782386139
0.24493556548729867
0.28114239182942413
0.3296076774703496
0.3204153727650587
0.27210905116596373
0.2712327820313185
0.3640981025669773
0.27049280606470294
0.3038815989103649
0.34005599668025155
0.2717383631641178
0.28241728564076496
0.31432530514114565
0.27225350872325904
0.4042980420497154
0.24280378072788023
0.26988496691568864
0.34142469949366006
0.29822295803417787
0.27342306101292957
0.2939214431747832
0.3203376238789494
0.2696275200724514
0.34209675883254564
0.32547490677990387
0.2659113781722928
0.23760354707447195
0.3234851694295371
0.260724246883974
0.25366809234116994
0.2835764920925524
0.26311047928053877
0.2743351512691078
0.3292006473017062
0.2593581095565918
0.3001187782690651
0.33907762145462217
0.262474486550192
0.25613312746956596
0.3398345983960124
0.26906670656200793
0.3030097328728426
0.26530983517992535
0.2668272286378882
0.24103720058149758
0.37637526429991797
0.2527256865954154
0.3367819777954949
0.37652569990061513
0.2564311486612373
0.2502177409376577
0.2803699464622975
0.2590618425320632
0.29292128799038575
0.2647887055408009
0.25095893702414573
0.2624954010159237
0.3220109591708933
0.2551391943737523
0.25895056856342114
0.2752887999563378
0.25811231809942925
0.2539775258160142
0.2891767849285667
0.25258029651932523
0.31290062996130297
0.307785529106848
0.24791846948771
0.31375546280057887
0.30550236393743246
0.26355820186245305
0.2556090205794753
0.2902361226855321
0.2551619969950607
0.30674055036555914
0.22650396466747746
0.25793004896073
0.28736618235331235
0.3194818426124094
0.24479797557592886
0.3881906543959015
0.3323048710612798
0.24869872214203448
0.3158451911156348
0.2703034848206073
0.250158158184985
0.3158391834197578
0.28109218466287655
0.2517884494494079
0.33692924178247674
0.2840797396084904
0.25243890588366646
0.2910717415546408
0.22497059962472
0.24569394326053162
0.2480770010781822
0.2776368802157362
0.25076910946311304
0.310152555285256
0.27618132964578257
0.25313500480842654
0.35042255501214237
0.23588564539414203
0.24553680741468709
0.25979416284383905
0.24744908438036906
0.24467377026360126
0.264823760950438
0.2590427497202411
0.2448680038152521
0.30699404018502263
0.2798770907844751
0.24400738433126146
0.2671153528804837
0.2856564836764075
0.2390492479224472
0.21760666804781714
0.30221361502833144
0.23534758283436574
0.3173050585014683
0.328279692037154
0.234557375879066
0.29317841990663773
0.2660572057922891
0.24249820573558578
0.3142045482432232
0.3382564558987434
0.24448499478049623
0.2833592101437734
0.28849052072835724
0.25061673684802876
0.27850835518807615
0.29047275555935037
0.240934946906338
0.30708063077137704
0.25538965232274446
0.246767453651363
0.29645374488047205
0.23600783066047704
0.2366884578089914
0.28892433497876857
0.31507159284576824
0.2406145172977986
0.31734575405975185
0.27635207439596643
0.2532223898105159
0.22184618289449076
0.27283206298430973
0.24895189600878287
0.2608249820966484
0.24837241871527815
0.2367846866126918
0.25268029507964107
0.3442208806982411
0.2294837633186605
0.24367847475292326
0.28102714409760476
0.23900513416508817
0.2888530617071753
0.21469110947078773
0.2316439887214925
0.2235588132398928
0.275739556390046
0.23099804440873717
0.2618102307937282
0.2492642345943603
0.23988768566164376
0.2793750628246401
0.3025863749998201
0.23343150705658489
0.3649046402741729
0.3689002370978465
0.23689155979688326
0.2529377208788125
0.27787505901615883
0.2264390641043823
0.2953747769939372
0.29724582951288603
0.23051485341537947
0.2679783063348945
0.27294052023069426
0.22902713203535607
0.3118798017846167
0.28600663014828664
0.22733086053162266
0.2493973543492286
0.2787222486876654
0.2381789082459017
0.2811319154606805
0.27078173719873544
0.23172236619286102
0.22628177222580004
0.2868488073570594
0.23299643457520702
0.32229246193578054
0.2728607083842628
0.2295066766627094
0.28444199489948796
0.23119186177274353
0.2329627063687365
0.2912207459047268
0.23015241591249325
0.22459739821061542
0.28508547619432534
0.2759257989077586
0.2294005156160993
0.3270589877372232
0.22485817957025545
0.2336048541316743
0.2986891301293736
0.24140045873091354
0.23550955774687854
0.31519866899033966
0.23076938832017624
0.22893660048846942
0.28278138273238507
0.18799799644513293
0.22394691582580284
0.3092548416635226
0.30306924761999265
0.22156255791533785
0.2945074124114778
0.2606757563426013
0.23203372704779046