
 SPSA MINIMIZATION 
a, c = 0.3, 0.13
shots = 50000
{   'fun': 0.15841404235157563,
    'jac': None,
    'nfev': 379,
    'nit': 126,
    'njev': None,
    'x': array([0.56416133, 3.65620927, 5.34476611, 0.16883733, 4.50478467,
       5.71962179, 2.06475682, 2.3293054 , 4.84638811])}
 

 Best x Found (Tracked by Callback): [0.57183141 3.66494146 5.40352638 0.17650741 4.56354494 5.67726376
 2.05708674 2.33697547 4.90514839]
Lowest Cost Found (Tracked by Callback): 0.15690654601535792
 
 
 
0.602215637451337
0.6108791941826606
0.6130637742709517
0.6186842559396297
0.5983686265099173
0.5980540736529354
0.608041743863755
0.6035128929851998
0.6047468631648123
0.6154794511610147
0.6044117459689431
0.6139413101916755
0.6060575232606167
0.6096621031674552
0.5974357983900094
0.6022614360945813
0.609497511431415
0.5964673639356036
0.614703919413051
0.6042738630615826
0.608455148688019
0.6091148859982151
0.6058513082800338
0.5986239668064799
0.6022161798621005
0.6125077469912577
0.5096640843818663
0.7795700336922484
0.5253320455901168
0.6833918329769433
0.41816080211704243
0.4281390100137631
0.5228812528160984
0.41217866725471297
0.4042865259359909
0.46516228852223485
0.40941989918848487
0.3946372205264882
0.34057095612422217
0.4685537304417007
0.3523473046214223
0.3790400279625151
0.33968847136663916
0.3418501231656128
0.43250921924983954
0.3409542193695081
0.3330391161252604
0.3617856342488115
0.34071454711867455
0.34416227573111924
0.3576867420577541
0.3034189107749332
0.32226826394272023
0.3647030875393217
0.329995548628808
0.32531841544174134
0.347844450443789
0.3030497395306462
0.3073412195966738
0.324725333282747
0.34370269406751364
0.3152358011386569
0.34244188834629574
0.38950593099732067
0.3092579045227821
0.3256999890824298
0.313871674051742
0.30044560802529163
0.3331245327459187
0.39325948932623545
0.31572251579499
0.3628067353283194
0.3235327314557459
0.29351881997454077
0.302591256032115
0.3810937608978253
0.3034465295281742
0.31193053439689833
0.3623120674320728
0.28302570572681607
0.4368746649818789
0.3391667321075954
0.3132961356482544
0.3474846730524006
0.34037011652052596
0.2936691486046742
0.3499077117161079
0.2710411121040237
0.2701126060022786
0.28584226982487904
0.2897411226176365
0.27891329326923076
0.2608743384098793
0.2930551527553975
0.2706291792225558
0.27660139597423206
0.2700862555289544
0.2608770137298885
0.32307648994913163
0.3159561134925213
0.27914871592674284
0.29363487344194406
0.2956884414980875
0.27313714621433627
0.3525527894629191
0.283774764834703
0.2727406427902258
0.2986376970030731
0.30181962883462876
0.2665394523124083
0.31890815405436224
0.3109043799709056
0.27282027717929314
0.36424051294480553
0.32358292375235587
0.27231403661053255
0.33595153888436735
0.28516872670807447
0.2784982746927668
0.30437566564801843
0.29413398508653654
0.27476909779129144
0.2728156671748626
0.29891344966954325
0.27208756387842936
0.2654304148728176
0.31648648293091264
0.25917220899577953
0.28033089375915565
0.30101097929057685
0.2687532638794867
0.30240740136967015
0.26055259773111006
0.25698371554140886
0.26751279422937513
0.29853631171642336
0.2494367233749274
0.30956182850511516
0.2523521140804229
0.2456267440837384
0.2844005341757996
0.2951378676741512
0.23519125305434674
0.2913995211959255
0.26643177095192194
0.24144571947642068
0.26579571105284994
0.2528529780816683
0.248199926951308
0.253600148459034
0.2532289916263549
0.2537773920462508
0.27668590521681424
0.2837527196789299
0.24651882503229328
0.26216979448159894
0.2949679073959639
0.2397822619140162
0.25752278040094545
0.2651260496797634
0.24075447499795255
0.30153902344575634
0.28320424126593735
0.2345120246119331
0.24456884839128357
0.2493024505731245
0.2324881068479182
0.2849553269394133
0.35211576840457615
0.2507950570100358
0.3055166679476783
0.2671869568850008
0.23778284577697306
0.268656574289898
0.32896484592951114
0.2459893858142912
0.2745400346317317
0.2554487686713186
0.24817081300361044
0.31193385295875997
0.23729718197468452
0.23269181129641858
0.29714128675089246
0.26224840684089534
0.22712437970169663
0.2656764210351946
0.30631275434400573
0.23281769113070538
0.3032341675350019
0.27638699313401605
0.2483223925101743
0.2868564484817847
0.268514578618098
0.24142476200306717
0.2443474119690262
0.32047540068561864
0.23368914206994063
0.22992008530137842
0.26579433045956236
0.23068472125875106
0.25412854080812375
0.2565156688133903
0.2292250402445959
0.2786269299896359
0.2764888307318354
0.22937917968606603
0.3159220069192341
0.2940518742874295
0.23392712426547202
0.24294690322818258
0.26701970754662685
0.221946828423071
0.235817824001041
0.2581940857021783
0.21724010801229798
0.2366031755764748
0.2716920277016994
0.2095598883668469
0.23376753814466156
0.2659358069382788
0.21682473324621543
0.21754026653565606
0.21819383892888533
0.22731139333248362
0.2730680055380271
0.2453590794430217
0.2179583980474733
0.2698220585836294
0.24577374994442525
0.22257349916429803
0.25739933917655555
0.24316193348172777
0.2274306118184608
0.235833800967152
0.26786175880690843
0.21363193102539446
0.26176252690016666
0.26518370164633764
0.22207746343596568
0.27878178176538493
0.22817793981550238
0.21868900047761064
0.28471526466466013
0.22886341657455933
0.20946301068312234
0.23696429534280317
0.21834171751200815
0.20594910883643913
0.22710955916640407
0.30282940745181774
0.2067312698490401
0.23169604212427197
0.2117942483377777
0.2089276012922764
0.2663778787979568
0.21048223233766583
0.2038151972354122
0.21330896169176272
0.25195077297210977
0.19513849273510386
0.27859594567711365
0.22763216325349944
0.19790238053800147
0.21234519690132325
0.21170024637479545
0.1931986458100745
0.22158491916716527
0.27231318304514673
0.20042469016812003
0.23199298061060025
0.2305233669924337
0.20165361042003294
0.22969082846693545
0.19245936118226925
0.19145022234912035
0.24197062238062583
0.16327628534608507
0.18582372489284404
0.2473789278107672
0.25872741633445306
0.184731322624744
0.2670924143503923
0.23840556080659048
0.1734279805226493
0.25402553822033314
0.332575558986527
0.21142636546681692
0.18546785277587985
0.23678421460025245
0.1831636215543364
0.3748773191277748
0.25954482403901014
0.2205770178462394
0.2096333273744786
0.307425942802277
0.19518900578715426
0.25623211128655266
0.2537649331782571
0.1872185074791355
0.22739049299042824
0.2459415006656691
0.2005944047530911
0.22703162350558226
0.1863982698015516
0.17773162211490678
0.2235735185903327
0.2529499103499715
0.18336409314174829
0.2728637056039185
0.23646598161815413
0.18281415319041627
0.20533250437324002
0.2134056198232691
0.17742388335234938
0.18168992629769087
0.21617063691630778
0.1860838736139372
0.1931232348536419
0.17021406416176332
0.1690920730915655
0.15233232062111302
0.2048705291962245
0.1749946743025831
0.19920307241914859
0.26486183084030823
0.17368499616033972
0.24580538638725424
0.18728020417116642
0.15995489000994745
0.29429539691376094
0.20720777804451052
0.18274677076019763
0.19102130172010445
0.29129080992751766
0.18542256692955117
0.22138105191595203
0.254302345243404
0.16533729609470216
0.24527769289691093
0.23512225752147164
0.16672039873189748
0.21244425589217242
0.19696473303143935
0.1652451559825775
0.21417844446135337
0.209084367367249
0.1630373617820282
0.18010984054894608
0.26157240134717974
0.169704782222034
0.2151740993570529
0.23296120579417834
0.17218885414989704
0.22520123369850542
0.24168675830028896
0.17772719804531611
0.23883227096433124
0.18087366133370075
0.16839618839665638
0.24145655319825765
0.2416798342798563
0.16471195655264215
0.20766364614425814
0.25969959581489155
0.1628541706790262
0.17241645337443579
0.1746417902615769
0.18209753927036554
0.1897977883719042
0.2197531502166652
0.17236118747968765
0.23660975391996286
0.2631140701098602
0.16136580409676593
0.2403517743896736
0.1861379135963992
0.16095060874251121
0.23804984168978893
0.2574432948304034
0.16486721874019272
0.17882460908486986
0.283792944265678
0.1649405468099031
0.17566445321597302
0.21463039956992425
0.15837523883181337
0.18089206616420794
0.19257618434390955
0.16264944882843946
0.20702025874651697
0.19949305955478025
0.15690654601535792
0.14632324540137964
0.1759260582199631
0.17082739615333065
0.26322374689783323
0.2703313901101563
0.16421043583590977
0.217964916928732
0.24010400578142277
0.16937189760676274
0.16779148313084769
0.14611264161406545
0.17364632036024463
0.15841404235157563