
 SPSA MINIMIZATION 
a, c = 0.35, 0.17
shots = 50000
{   'fun': 0.13045315590530326,
    'jac': None,
    'nfev': 541,
    'nit': 180,
    'njev': None,
    'x': array([4.41008647, 3.29157568, 4.93018397, 0.25806222, 4.32039801,
       0.16039622, 5.84492586, 5.20462784, 1.11699523])}
 

 Best x Found (Tracked by Callback): [4.41008647 3.29157568 4.93018397 0.25806222 4.32039801 0.16039622
 5.84492586 5.20462784 1.11699523]
Lowest Cost Found (Tracked by Callback): 0.11410164587871852
 
 
 
0.9949423552655746
0.9946244827220796
0.9942531263866092
0.9944993958444414
0.9950113243517292
0.9952637404595273
0.9945170008647155
0.9948589339987137
0.9937656131287488
0.9935184265301353
0.9944703774453889
0.994370002947322
0.9951329019909873
0.995000511234377
0.9952373385355255
0.9947952588267578
0.9945938040215171
0.9941527877652402
0.9952906098307895
0.9943023463890748
0.994848456792778
0.9953513194029456
0.9948219522095831
0.9951830403424919
0.9953792542647203
0.9948522358576266
0.9990239159411026
0.9904343531617039
0.9947432079231838
0.988144843819078
0.9987869126926248
0.9929798649158897
0.973893069099859
0.8930511139776888
0.957950764716872
0.8877736286980424
0.995490247429703
0.9151903889725136
0.9635347476567703
0.847220005235904
0.8690991440964542
0.8345264311249878
0.9333631737116558
0.8443502881944593
0.9212153043026166
0.7648260851615512
0.7879203063775536
0.9328381766568958
0.6715293111131968
0.7058977303611715
0.7223521115777295
0.7562482102038554
0.6964232507118218
0.5795080904885332
0.778345462674033
0.6218796337793913
0.8685960559805628
0.4251531686462716
0.46120316185917953
0.527748466144537
0.5730309029866238
0.4773251528035364
0.6512016595846122
0.31285888833642805
0.3452445817757548
0.4078930438332188
0.3272823861396319
0.3283749587715854
0.3337076879315929
0.4436307496228785
0.3035067594671783
0.4607955366427988
0.2935715133855735
0.2849173002325559
0.27907443606467597
0.32032581094506285
0.2825471732370681
0.5087278811607806
0.43293478893693094
0.3330468004013861
0.28567454522435853
0.31629268449351666
0.29089472992645815
0.30019369404473184
0.4169027626418218
0.2784586124392562
0.2942746402005372
0.2808556796161532
0.28083899723971384
0.5042721759059383
0.302929248311679
0.28688312290313445
0.322129967121504
0.24767047938910636
0.2689308359915671
0.33048188901638165
0.2681790220207876
0.2581755788189136
0.30099594416492803
0.2612477891311249
0.25406298635878155
0.3162896010843146
0.3205625609860634
0.25024394728979904
0.33722854420952886
0.36994616476110986
0.24761917388811006
0.24884296031210795
0.37241290339317457
0.2526247175817833
0.28980757348218156
0.3263949152291231
0.24707976059624803
0.3048830177220203
0.2612272562041753
0.24069092681171733
0.3403998140693285
0.28868523337223984
0.2558412606959274
0.33400070072936083
0.26081074433004825
0.23167350971736855
0.21327550319552868
0.27230187013478946
0.2194096043381868
0.2940712852379447
0.31824418297605905
0.2188256150814285
0.2676377203449235
0.2572873504901497
0.23081703644361395
0.2510845580792891
0.27120644743396294
0.22812106819329447
0.2310740766592545
0.27121233048522375
0.21733580821826048
0.2684741892123369
0.23831249247011455
0.21378968165676648
0.24838347958499563
0.2625821799706889
0.2147989905042279
0.288570506069491
0.28255389580766743
0.21717498634643484
0.25231341933251106
0.27246261304436414
0.21274669304136185
0.2992523127524822
0.37637270353220365
0.24650128375427893
0.24803896225203292
0.348700427345909
0.22829269856180934
0.29884741199564835
0.3409427879322162
0.22085091025239834
0.3165605573391309
0.24130319141435896
0.22144477237857318
0.47906130914957223
0.30848259648970355
0.2702066531785323
0.2638233565716094
0.24508297506299426
0.22394398131979054
0.22865883407486853
0.25784114794647117
0.21175754032792515
0.32209242957030704
0.3472915595313053
0.219694170723169
0.28886625754813045
0.27886740680210365
0.21930613236748275
0.22906552131704183
0.3031799465573918
0.2216071962511632
0.27158545969008774
0.28302648112875173
0.2194009228028856
0.3180171612435193
0.24347997801339627
0.20424325061575355
0.3200966083532516
0.3255401754900178
0.20935398165345465
0.3352638957837787
0.21370339583363107
0.1991211931318535
0.2657195961146529
0.18018310048194686
0.16645724556493713
0.2201993939965654
0.25578697832383346
0.18707267747193457
0.22016111278131578
0.19086765562882602
0.17110626096436898
0.318054605775385
0.28687661223803196
0.19700951187103044
0.18614986464428895
0.2594737541238854
0.1737180244028752
0.2546845641487182
0.18754302290846814
0.1826243894520948
0.19114661435039604
0.2241273268069075
0.17456495625954804
0.2312755482475216
0.1578977739390396
0.1687870021387442
0.24321000834493844
0.252014620519298
0.17930563308056868
0.2823029447476051
0.25942928263893206
0.18342481659125676
0.2086712339280744
0.27745024945641594
0.1666330100915696
0.332352252740729
0.29684083851219756
0.16347370615631285
0.2034987601737338
0.214854679413926
0.17318344582073053
0.1995175424143505
0.24820593108441358
0.17588220207753258
0.2449797109364833
0.2817959709997413
0.1715585806464881
0.28322018688397477
0.202508300032604
0.16793250870170273
0.28095040634205093
0.15275861520800726
0.156840722927733
0.19200889276009814
0.20819506554804612
0.15315386145616605
0.3279887695521846
0.24775014542459173
0.16703744179493496
0.19582266921782165
0.22620489024803425
0.1434690002338509
0.4183138094935067
0.24362965861778663
0.1968469746286955
0.30518390764162795
0.4690734500685312
0.22431418072390508
0.1636044047226084
0.17017065284248245
0.13559793042412271
0.4672940423758638
0.2302271155664326
0.19331581833268685
0.19746583498205772
0.20846172895164106
0.14350774536152144
0.21728484265426506
0.1862668012443246
0.15771664099954397
0.2991984602290573
0.5137493760632936
0.21302983776902384
0.21715523693778382
0.298554294415704
0.17667072502438397
0.21769114853392946
0.17867772642260205
0.14986356599306982
0.18151520516766173
0.1666838674258847
0.14194960219587027
0.3020088409420394
0.238336490843019
0.17995265519433856
0.20633110549377298
0.24431016993105892
0.14511394523791488
0.47680690856802965
0.28626270043168467
0.2177569162540346
0.2946808310046739
0.4708682842527604
0.2164105296512796
0.26986227620707937
0.26110205017548094
0.14238620028901738
0.23192010177015687
0.37872536516239785
0.18483278527799896
0.25500937839378945
0.2173962847993084
0.1508331723207379
0.49026559843583584
0.3039052171447678
0.23194066875707908
0.26169896844485885
0.23073442973370972
0.15331595213491955
0.1449112975050718
0.23013288389095532
0.14871185448616098
0.2802311169060737
0.2668303534190928
0.15125202117754954
0.3020111126769457
0.2111515091168259
0.14978438208307043
0.37836976172245784
0.23553481669673304
0.18757918868789425
0.3650539833561409
0.49852177596898284
0.2522497046487787
0.24308154093056056
0.21596971689163946
0.13892716664763038
0.19507719468165874
0.27609238851740037
0.15845980493416945
0.6770256886757846
0.3811090759302964
0.28041481765430865
0.19720221391174264
0.2354079898446333
0.15230562519543744
0.17760569023167738
0.21514185072209846
0.1583222850938466
0.5091250515270399
0.2948897923062759
0.23842231861446272
0.4161914514913848
0.22843805805001627
0.19097801226851296
0.32606125674079955
0.24374290152379052
0.1490663605202105
0.24395476643582514
0.1644196110955759
0.1565506007287596
0.24194230902268943
0.39030342248823524
0.18957814165096376
0.297048811661924
0.301785034888031
0.15470040707695243
0.4528949874926348
0.2443962628670352
0.21651340553936327
0.4649342543177222
0.2894185072110238
0.22334223059184166
0.17259024875743645
0.2603633801258608
0.1384099254280856
0.2962079143876851
0.2232417353719145
0.16717361345834347
0.18109018510635733
0.21486789486204527
0.1425978954188074
0.17009524925559494
0.17858249288192074
0.1503839155938973
0.1842177386232039
0.2614445407289556
0.13667168626781456
0.22775873263087065
0.20985329271790243
0.14453181428926332
0.26550970694172504
0.2219390622955031
0.1615504837165056
0.1721335062270365
0.17662987548156694
0.1382748341713631
0.3209588200051777
0.7110948380976987
0.25478302883717696
0.21764782254584836
0.27843399728778917
0.1391485770239863
0.17869917005371905
0.19421803623388134
0.13277131764038574
0.17878704169191806
0.23210834997480612
0.15144113287051886
0.2910324678116323
0.1996698650158919
0.16851850626831777
0.19792727686312983
0.20494035214698336
0.14143472097770915
0.23915549290374538
0.21883169318317297
0.15320103411493036
0.21132923835122974
0.26595913916349834
0.1564290831477967
0.26028526286786047
0.2909256519486647
0.17098605384782317
0.27218465879433085
0.18962801162974374
0.12730003172911752
0.2929287291152459
0.41656894954141865
0.22375411271321022
0.22281631622773923
0.2693501285936486
0.14201849121562493
0.22775078416130334
0.20190618778525715
0.1350880565365704
0.41603821246804495
0.28762799166784925
0.21970453527542855
0.2512098493715067
0.25529812543281516
0.14705268655491432
0.21719117952048284
0.3449446896026086
0.1678713521868006
0.3491377128000157
0.2472900793631324
0.20117469288694145
0.30345605256821107
0.23232458350887364
0.14236514621244645
0.4215489156024995
0.3250722209797766
0.2366806747136706
0.3006928103911183
0.16713514095695892
0.1467368841267087
0.16712138471129145
0.19124194616321644
0.1287469567538927
0.35018996066631636
0.4450654552885098
0.2339310662058296
0.24896100893296214
0.23640551323892423
0.13570466957451432
0.29083742185328587
0.20374435993494033
0.15961905039042368
0.2629201770356733
0.2371839772511849
0.1432249966950998
0.22387535781254486
0.20587847400353598
0.1536241710383055
0.3406112583728682
0.6993519771367391
0.2677888690950967
0.447856387348179
0.35720739219082176
0.23163367742017338
0.2377531859347738
0.2508559816468474
0.14559813079135198
0.21271992433752807
0.18658524679814403
0.1309490300208761
0.3129867986900896
0.1964728406320425
0.14869455679306065
0.21500759593601237
0.2478548249865158
0.14098598020105335
0.14989459462907417
0.15981489058722687
0.1399570402638819
0.23400026491615245
0.20477627617168415
0.15319574542284253
0.24822534812931807
0.47386634866575095
0.20974556467012717
0.3144562846483001
0.20875395663175123
0.16091217657260182
0.23898366019318285
0.3058953523732758
0.1356209143826148
0.1346866126232148
0.20750251180313062
0.12422258806732867
0.33254049031600597
0.6823595566154471
0.2615895100856047
0.19085147798115554
0.19536266137510505
0.13526783452840607
0.30369934635296936
0.2512784368201447
0.1382832870420181
0.29968074099686404
0.2266544439293191
0.15538116933730695
0.3527536121449296
0.18283201625992662
0.12997525694363365
0.22911993031913203
0.25209429434366903
0.1414575948979071
0.23367122805992302
0.3008410863178377
0.15587691041533536
0.30667310688059635
0.21106472254758424
0.16814158497779552
0.5187970708616134
0.3912201785373509
0.2768622819924449
0.1858413887878897
0.17253682326956754
0.14057580685317428
0.23164916164686855
0.2177009111922844
0.1263625501073885
0.26320405684333537
0.1810772610837439
0.13223337487139897
0.18502806685442585
0.21191325656330873
0.12462186327651403
0.18020175739752353
0.1317598794539402
0.12341846370538023
0.26396866972496136
0.30812418333633185
0.16070939434197506
0.2676402931762619
0.4667987184724637
0.19818100752029666
0.31592727627463923
0.405039573704439
0.1935661452688623
0.20261216229264156
0.17579957390233902
0.1405626141191515
0.22587414061841193
0.3952662652094331
0.18121932686733944
0.31300824988006126
0.47477017180747405
0.23277789554835404
0.13353508080591292
0.1919583742882076
0.11410164587871852
0.40425099796280817
0.26489454251064404
0.20594595344469846
0.13045315590530326