
 SPSA MINIMIZATION 
a, c = <function SPSA.calibrate.<locals>.learning_rate at 0x7ee519573d80>, <function SPSA.calibrate.<locals>.perturbation at 0x7ee519322ca0>
a, c = SPSA.calibrate(target_magnitude=0.5,c=0.35)shots = 50000
{   'fun': 0.135382453853353,
    'jac': None,
    'nfev': 541,
    'nit': 180,
    'njev': None,
    'x': array([0.03849091, 5.37548373, 2.33798291, 3.1282235 , 5.42356363,
       2.01050725, 4.75560181, 2.95678632, 2.39180371])}
 

 Best x Found (Tracked by Callback): [-0.07380401  5.34131534  2.39542805  3.15932366  5.40774638  1.93971915
  4.80741546  3.01692196  2.37057262]
Lowest Cost Found (Tracked by Callback): 0.10787456475550772
 
 
 
0.8751378117119468
0.8818932075152062
0.8842994702045993
0.8815943007067368
0.8880057094571319
0.8848702974025974
0.8878782036052255
0.8923071626366746
0.8894471207924816
0.8819401503524527
0.8802544334104982
0.8947968787585462
0.8789220666766553
0.8886313373437098
0.8840984015602512
0.8760476860543417
0.8836861197658822
0.8818064485764421
0.8901040295710331
0.879803406896133
0.8825143088159321
0.8873083607526211
0.8862849445200769
0.8803014743726335
0.884380249137896
0.8903195412185797
0.8402359893102704
0.9242883913350937
0.8578832873088178
0.6103005745747978
0.9135038049011416
0.5342487625094062
0.6418413622867509
0.6222477741249276
0.5231962941924047
0.7761176353077694
0.8369488350482409
0.6016442981782402
0.7707469266850636
0.7218293854867581
0.5749783591075016
0.6634459119475711
0.5815265694062791
0.541792206441744
0.7359425998588771
0.8025064495698186
0.5766978134266869
0.6475439825622389
0.5760661739591806
0.536272808702182
0.5882646186695781
0.57919522078819
0.5314731237775852
0.5035016312391263
0.6273090079551418
0.5050066885419906
0.662170460549846
0.43620661177492726
0.4317339951897712
0.5463543008932041
0.6508394205483874
0.4338788412445892
0.4033007262333015
0.5433105782164034
0.40402759933932
0.8679479937427033
0.6299885371788978
0.5532995141959047
0.23843834424274502
0.4653103566082909
0.33344000221113157
0.3210334805559062
0.7997553278120029
0.3314253860668064
0.5307957822332685
0.6249472267604794
0.33081337241222897
0.5313722944855668
0.4373769455120087
0.33804210648110955
0.4979021025287599
0.42711149363341994
0.3439326012066728
0.48520734543921107
0.9208290746276239
0.38036590203057186
0.5358994623375194
0.35871194762205894
0.3216060301735213
0.4371467043406543
0.5244310567501148
0.35546508769286467
0.5878392020223677
0.2480247208539067
0.2696377880933438
0.3863461159550683
0.3881772880099338
0.26843428548556336
0.3198258704553004
0.4486802635181242
0.2627314124968603
0.355978423531479
0.44208462218185673
0.2453710534596043
0.27010315111862715
0.3194779800966039
0.23710109427963488
0.49500843137297024
0.419668703922752
0.2158808914779886
0.2917175019827071
0.3994079531085615
0.20258421761250467
0.30957432416087105
0.5971876082911167
0.23937282858169773
0.4258423719783746
0.2322002862725432
0.18621042660674636
0.49559131456649397
0.32687691774829297
0.21477074553435027
0.22888164867278216
0.3755440896007194
0.13517880092701462
0.3703060729716574
0.25099353502378074
0.15163602342686766
0.39294591489824393
0.6625886590938873
0.22592770622201086
0.521548997424105
0.45336708757022337
0.16324244866013826
0.3836429901328581
0.6011092851852191
0.22571435409114116
0.18927856306566293
0.3417707414696485
0.14262694433935053
0.4353265816130275
0.232116724568305
0.15033099795600224
0.2829902750042259
0.24651164372510193
0.14360735398404756
0.35391539274969785
0.27112186377293646
0.15645227283666707
0.3607636689061191
0.29534789941078377
0.14086975835947446
0.3348024047262598
0.27021938953361846
0.14652324180800125
0.18381530522160883
0.20208187577489978
0.1525267950885254
0.3419564300510318
0.2527741193503864
0.13782045463720027
0.2510126751799069
0.17410939277251258
0.13523935987197433
0.24557246620862572
0.3149736520845817
0.15104882884325588
0.5849130080378391
0.34460250961864014
0.181976318211182
0.3328017551419421
0.3016973608606818
0.150019543751585
0.37599389740592537
0.3204600855006753
0.14267163963989726
0.33344667651363225
0.19387174172680488
0.16122332770548087
0.22774649629001964
0.21959875083452096
0.1376687129417603
0.15479329975141154
0.25129236339639527
0.12826825014909105
0.3664137036245094
0.28078644122153007
0.1562671185517529
0.3206586979103059
0.2231811723012358
0.15770766060888286
0.19284038519602653
0.21301485741236026
0.13563700578717064
0.2969333732989803
0.24562838192121983
0.1409242384254238
0.299689225060382
0.2914631308145149
0.1435001787219926
0.2351081971107266
0.31811390792921745
0.13233486288314344
0.2798400613600137
0.34941049651474543
0.11346600296742959
0.20814796956152604
0.23258906419445013
0.12037274522327723
0.3658351429859965
0.3163135234253752
0.13577121370199863
0.30782751526762175
0.3204309705153867
0.13060831776700166
0.5048525740956461
0.36991393159387587
0.1699666505866021
0.2855472804546947
0.8910907819907268
0.1725702271194064
0.25130114435911244
0.2844235896315488
0.12610214109785234
0.32965961250384423
0.28851868104684164
0.13000534467873404
0.24902939389655754
0.40794882311923786
0.14719831413795714
0.335926653058193
0.38284205905501145
0.12739504065279073
0.2576771161975997
0.24586728081908027
0.13803443991460762
0.27884979336184623
0.36824271118620955
0.15018443953787664
0.27579472015176976
0.24505927543627537
0.14439786254857123
0.3428219623875719
0.25573648743628996
0.13713278917234617
0.3016024656102012
0.28968026456274354
0.12542912705122977
0.3634544059874698
0.47972229935548283
0.15022349625475084
0.43665861776283776
0.48458574566548096
0.12479487011436408
0.439623992791504
0.6470665629846508
0.17017463967782354
0.269117382511032
0.23640934477176612
0.12046037519018238
0.3178913484965723
0.8322565722310615
0.17600988009258367
0.4085226688341578
0.32301904918707547
0.1495689604184408
0.1854579152025566
0.1755270850864461
0.12247147544102666
0.34537166182855994
0.29799319030922944
0.11257573970959289
0.6842274947357884
0.4227860435861065
0.17151770772592445
0.276341575312518
0.41575054226082675
0.13111828054992047
0.2871030772590085
0.4047653929064108
0.1274255051510187
0.30626492709653075
0.23965135766897183
0.13369068396812378
0.19762403934281314
0.27437524659516555
0.13125610307227153
0.31435191272882634
0.2344968411318662
0.12768351092906183
0.42935577190858487
0.3338637746629639
0.1402068124124186
0.1949354840707508
0.2453342131245393
0.12397926460901088
0.22849106457093615
0.2152910907378901
0.13120528395158326
0.30339518049699443
0.5289724449046
0.1448556700086664
0.21278388870608445
0.22755402723278528
0.12941120272955542
0.25560896657860666
0.21223299711953025
0.12462983495275881
0.42751100299734524
0.31955204640861545
0.13097522792203442
0.2700351386799247
0.3509638081579076
0.12821451355017055
0.36071841114857617
0.3243121711755088
0.12329774355193512
0.2585423188496352
0.3555698867566698
0.13908530021974264
0.24091933272007415
0.25584802247200533
0.13665312580962996
0.34658285772106134
0.721771600199661
0.157146555101223
0.38466412602522093
0.26538422362056213
0.12306914041304784
0.2594253434502436
0.20604156386014072
0.1348289825368849
0.5862065165039873
0.25621073194417543
0.14276032904656355
0.20603498369251483
0.25738852401896406
0.12450916524675093
0.20896194757904607
0.19328935825271287
0.116034544007105
0.39018987630939295
0.3805818181496864
0.12238887626810402
0.3179352456195822
0.34567568541720906
0.12720916638536672
0.29796239922692336
0.3177290407497171
0.1374635187709483
0.23157971393174015
0.3112602132823127
0.1365619948119695
0.8758177213825462
0.3004788107408206
0.14584439821840878
0.7318614082792637
0.41419979172866095
0.15620851975968586
0.22742167155605553
0.19916460291280746
0.12013862544705256
0.29342101650048535
0.3215171496056992
0.1299244443544928
0.16782021363028843
0.23167092285306978
0.1339731540639063
0.29558618735549824
0.31399160070590404
0.11198366990072228
0.15889451808463018
0.25050316053144284
0.12262899373642666
0.32418681220500123
0.4626722516994426
0.1349982489832645
0.4936136244073067
0.309281983471444
0.14986108463469971
0.2508161935911888
0.2754850813449031
0.10787456475550772
0.2088383663641804
0.20507748314640029
0.12405595108486145
0.660087876991803
0.42147530841082104
0.14618768059298337
0.2682988622177558
0.35515715146637394
0.13109925551808932
0.3858412660926025
0.2906054002763413
0.14392700726628738
0.2842752498247466
0.23583887516266322
0.1313933768745189
0.18381761340025893
0.2597674444820337
0.12473865430685971
0.29676299864721334
0.3330216833674787
0.1223072746889382
0.27069518307176876
0.17761611914239572
0.12887292261670258
0.32825499929461555
0.4199630104735169
0.12754367755830232
0.3160502117583348
0.4180613655318314
0.13189304452756467
0.22049603363235193
0.21927748326833618
0.1383720795070591
0.2552421177474211
0.2702740271148094
0.12149038755822983
0.36929315618168146
0.30972109743291143
0.11475658396176236
0.35320888711171095
0.7018637576180455
0.16157481174123967
0.44804819278488905
0.34126811347470465
0.14878201986594997
0.24177783980553924
0.28210405217569334
0.13756985982432302
0.24648472017901035
0.25782818506976124
0.13492845468378045
0.35024234906069296
0.41250721643729926
0.15034265456167373
0.4054889811813256
0.41967203230330796
0.12295433057465421
0.4276346960286703
0.33521244718479715
0.12220062408273247
0.22537035406314998
0.23693937794642506
0.13968118477845692
0.30363370264148315
0.5051167664099997
0.1424490694740217
0.3654695107511352
0.2851340010900033
0.15340024680488695
0.28243624499457876
0.46472773575431203
0.14049763900495404
0.2758468717042941
0.35933764182379213
0.14769066911611806
0.3356648669525003
0.6998740569864077
0.16128597719050242
0.20684382785979794
0.168609659901508
0.13198125281964979
0.3216684238479828
0.37387996161451664
0.1302155736314633
0.7991998906307549
0.2838405589772077
0.14939315415933918
0.4420167633327765
0.43725119558498415
0.1283187240275273
0.3026462772459113
0.28957657554637306
0.1325618383294952
0.4933048671150443
0.2888656182796865
0.15281851811938596
0.3811770704982681
0.2975672919153718
0.13059347683419342
0.7351820236217772
0.299787484973814
0.16973196572946947
0.23012436616440934
0.27217213767418535
0.1495838055207197
0.3303975532375807
0.2442899106950197
0.1352633971374133
0.31032824495027667
0.2375628948754689
0.12692340895278442
0.2864886252296389
0.234133515718164
0.1485483447028244
0.6761472649203569
0.2833259346269734
0.16452515927272748
0.24297296276241243
0.2794365803265956
0.1275090660084618
0.1937806624743209
0.173090787190884
0.15214254344433942
0.23798168991634583
0.2795641586883797
0.13554090279909592
0.202471972211828
0.1465832796413835
0.14343400700861908
0.22994918738478398
0.2647046618044079
0.13020625862850066
0.29746433745495005
0.3609430228767009
0.1594814098543943
0.3043504560800957
0.6990306514058535
0.16294016808550993
0.32895264734516105
0.3268852534986454
0.12840532904757285
0.17013278377878538
0.17102521842119056
0.14894481689924732
0.649313078786787
0.32734765563916945
0.14994666761783004
0.32591268262639816
0.4203230091651836
0.15539403781930372
0.2400896632797418
0.23397095968381232
0.14436775209004105
0.3050462063023527
0.37103338269963615
0.14759812247058313
0.1724572366365732
0.19622841283294945
0.14668578949848887
0.7044121477761518
0.27103794535683434
0.15403300258558572
0.23782416029493592
0.2546234120440726
0.12790145095834815
0.3029236464410948
0.30831382514218053
0.12702987586769854
0.2551132949159882
0.24386360408647045
0.14768822422057915
0.29398463096944916
0.248161549134434
0.14487310200903103
0.36511631777081666
0.3008770342764582
0.11800410222955349
0.2556833146672933
0.19598486996168563
0.1441685484986498
0.3628295727343914
0.293607119640108
0.16045918611967336
0.135382453853353