
 SPSA MINIMIZATION 
a, c = 0.42, 0.17
shots = 50000
{   'fun': 0.10870028899630102,
    'jac': None,
    'nfev': 379,
    'nit': 126,
    'njev': None,
    'x': array([6.15848187e+00, 2.22085203e+00, 3.80139524e+00, 2.45532840e-03,
       2.20989628e+00, 3.25968038e+00, 1.68631566e+00, 7.87401160e+00,
       4.37280105e-01])}
 

 Best x Found (Tracked by Callback): [6.15848187e+00 2.22085203e+00 3.80139524e+00 2.45532840e-03
 2.20989628e+00 3.25968038e+00 1.68631566e+00 7.87401160e+00
 4.37280105e-01]
Lowest Cost Found (Tracked by Callback): 0.0500949937216606
 
 
 
0.6535399759793492
0.6520010186952483
0.6516641538264858
0.654169742007723
0.6550644188318673
0.6491888468779494
0.6562999411122691
0.653507922724877
0.6530634223457579
0.6559341068991158
0.6545466053357261
0.6519188344322158
0.6512954310348361
0.6519788853218649
0.6547197599584964
0.6540724316227108
0.6537408231431698
0.6563720217074966
0.650903716653954
0.6553938426712682
0.653517737115024
0.652769782146382
0.6543496366893458
0.654143372416949
0.6553998673079895
0.6571638803432522
0.7523694169126658
0.6171354897068777
0.6204228765606392
0.6538298215482281
0.6225588880008017
0.6133587468581385
0.6828266517300565
0.6177806475509797
0.6068082542351205
0.5858084036446025
0.6121407970515444
0.6048018778642406
0.5551789610636577
0.6951786353825453
0.5619277016745194
0.532572697601609
0.6403315739495663
0.5320148080018852
0.5218696650222876
0.5691837043274428
0.5229367561826219
0.48121565183528936
0.583918683822971
0.49368623499867015
0.5388407017030505
0.4806045169435438
0.4847589678488846
0.4924905768074793
0.4980843036596697
0.4768988750981703
0.49640554100636447
0.5331308633515905
0.4770599708225888
0.5321811760009988
0.4409040174651193
0.4498638557384146
0.4470172966993714
0.4973120823688234
0.44629920866376294
0.46775874999069134
0.4076097122121345
0.4286337195581188
0.48555707020418937
0.4565890905385953
0.4282388234384622
0.48451138479332134
0.3707196318222973
0.3780351326023903
0.3762279135340455
0.45704198122698303
0.37314385512719883
0.42184354417639114
0.413840687710305
0.3590703378094898
0.31378846834800456
0.44892903826872677
0.3222477744214005
0.40841905200850603
0.34899662325013925
0.32384620667568054
0.3029661712104339
0.3918386762870355
0.2989706811490458
0.3776011692742929
0.2712747587473716
0.26813320499871396
0.3197042895843839
0.2949698827965048
0.2702842415528398
0.32278863861675733
0.25709004199601315
0.2607253976747126
0.39334370252211937
0.4302315975973169
0.29290923359844045
0.3220914894811172
0.29657026032309486
0.2612317834373512
0.3165561432335422
0.30982295231450296
0.24683249050237088
0.22909554560464118
0.2928939529840431
0.2349151067813191
0.23060749972224126
0.3100831689944532
0.22973880779582934
0.37352858474774486
0.250135571616768
0.24065103330603577
0.22478921427812726
0.24882833393075832
0.21846219515117804
0.2219284297969767
0.2676351566235451
0.21490679531609547
0.2235498989320559
0.2267134935312779
0.22217121967429665
0.35581934218001443
0.24793201676304633
0.23614678450284765
0.2382819282098767
0.25176368296682006
0.2213904022717711
0.28344451793672076
0.27799498638450715
0.22784651535586942
0.28165684751792097
0.20689974131747624
0.21462510063535967
0.2593333301868167
0.25894833243688453
0.20937485927993793
0.2762044919479626
0.1824097701532602
0.18199316960983924
0.2204158137897405
0.16547942936530802
0.15994110512671944
0.19768133566597668
0.19423077068305838
0.1674345568530592
0.302485738566843
0.1662906858315335
0.1665696081852739
0.20488890059860076
0.2888910992357775
0.18937398106147219
0.21568890372237493
0.3558101065902809
0.20799908812527945
0.300107433856057
0.6881149296265352
0.25816406462211283
0.2544505862569202
0.3924685819435286
0.23008743726249292
0.20558712286528036
0.20124152954470187
0.17875338598398427
0.22840734324301049
0.35532443302264505
0.21227255352171925
0.2673692347201907
0.39972552366068903
0.2515981751730064
0.23030887524297583
0.45910795281471306
0.2036901476938977
0.685421562241417
0.3076353564782962
0.2586304972811214
0.28034875665539305
0.5364973098721604
0.25326860419400765
0.22743496402543073
0.28311836780142297
0.17753949986634465
0.33351486905852923
0.1585494815051025
0.13716676259155292
0.2693897037201717
0.2958510857887029
0.16050030917281688
0.3185467767804071
0.36716215107309436
0.20101331505123454
0.23817284375296977
0.3047200683321739
0.1427673757016087
0.2837208231369316
0.20158758910335428
0.1291108878077497
0.17186724743206372
0.15705613545264918
0.13023848481354028
0.2209722226725226
0.15991659466847796
0.10839964883248998
0.19330322365688068
0.18129299406842914
0.12730555704461732
0.28274723838872495
0.23732357160054018
0.13277266856563774
0.16414154230488154
0.1636848165060396
0.14184682307591745
0.2434048481401434
0.32259123058157957
0.17058828498069967
0.12416151686371923
0.16602264923110188
0.11655639089327852
0.19427354088801674
0.19476092537842438
0.133431574388587
0.2849910119343516
0.3598556785028084
0.17303693907826212
0.547032225016212
0.31399336191194593
0.2688602751184631
0.2898012081970889
0.29168257262093444
0.13651771754478503
0.23861245236463335
0.3212726721742757
0.17460866868298042
0.21349375959249084
0.2989049153920712
0.1560190770232096
0.1897201853951037
0.23548919529273127
0.1444024831236307
0.26681618505633276
0.2021906706966995
0.14018277748461494
0.31666207260839474
0.2439574566199193
0.163650958455121
0.3212488503031854
0.3157984304641086
0.11907797532099096
0.40026641481409353
0.31044633978492675
0.24907612874960494
0.33284223354688436
0.3110960544847752
0.1456595017410227
0.3281540666729872
0.30083752199387725
0.15566768316760238
0.20249482809294295
0.19908312255675953
0.13301608548998056
0.318786970072089
0.2690535638093289
0.15968449192022438
0.2334707998547918
0.18104105526429004
0.10609164007143879
0.16410535559199912
0.1737494799781677
0.11947901333080657
0.19932576942449698
0.1156560073038636
0.10902974933189014
0.4902675417265666
0.13482212229916568
0.13592521253999268
0.08822251369422018
0.20533143210640237
0.10923181835539697
0.3546131941594165
0.3602700189518704
0.12347914494215173
0.1928006627372605
0.18418330604133581
0.095415397611184
0.29513096054109267
0.6267207502915273
0.24406961504912705
0.2818369958909803
0.12137397871367761
0.11877739480349536
0.38545614878827794
0.265762401225891
0.23252134560255844
0.2574377784678771
0.42273419643364174
0.24051245277586875
0.2515931526476479
0.27930462461901384
0.07012368073945396
0.5698432689610762
0.17759559531551916
0.14481050100639326
0.33142567278191715
0.2315237304941481
0.1745262085377972
0.5422052747742965
0.43521790836442387
0.30495639958446885
0.20744648552441225
0.32695503914890167
0.1654093437405596
0.25813389554929933
0.07122805836738133
0.07696965613445439
0.32241632343837934
0.1942404318831381
0.17940119000179822
0.2365751336713442
0.31159889761615767
0.10960017328519878
0.31395529730212457
0.20833210066617347
0.18470385444078385
0.323415740109793
0.5142823644760679
0.2870792250282821
0.5597283767109027
0.2066233641043691
0.18309884417206657
0.7269426355591995
0.40300362457875416
0.3403661739844923
0.20600685565694088
0.30472540372849277
0.16370020789100348
0.3207982924427195
0.4358094179276547
0.2432259435660462
0.15207141975876626
0.19032910676235182
0.10384492405398305
0.5210194951924358
0.4231416979356786
0.2916456067990333
0.2346008044830762
0.3125549517203492
0.14875295276645206
0.41861278153701065
0.3047895230506217
0.21318112641424547
0.24375504707783813
0.21551342260726736
0.0500949937216606
0.1916722996233502
0.30756991018000845
0.18601054664752414
0.6999512780931757
0.44620956413614743
0.3814141275071239
0.33814169756848833
0.17623194072436899
0.1490520123719904
0.1003181618578215
0.15939501496317598
0.10012531837724081
0.19139970016306918
0.16118610296190816
0.06819955386029986
0.35488394094976117
0.4095401704308199
0.08517590062783209
0.3772015416691855
0.19007454986310668
0.16422109830130383
0.5845709317506265
0.4447855909934868
0.3334867674336861
0.07171791205454903
0.23979484910195692
0.0726968031866686
0.30310564170722576
0.5323160200812433
0.24316137469580057
0.1418799316010685
0.23858887453150102
0.13832721643560142
0.399882861787648
0.17079982226944146
0.16435957707543125
0.20705951931564825
0.5730848001967968
0.1596822612570813
0.30267928803936983
0.5463471282482548
0.2313369011004729
0.16058008022277726
0.08961874827701832
0.11217778904593034
0.2644498243379152
0.23740505206331153
0.08434220357609634
0.10870028899630102