
 SPSA MINIMIZATION 
a, c = 0.4, 0.17
resamplings = 2 
shots = 50000
{   'fun': 0.08411528311270777,
    'jac': None,
    'nfev': 631,
    'nit': 126,
    'njev': None,
    'x': array([2.96091219, 3.63474427, 4.59407611, 2.88662493, 2.38428654,
       6.61652023, 1.35180615, 4.61268917, 3.7300966 ])}
 

 Best x Found (Tracked by Callback): [2.96091219 3.63474427 4.59407611 2.88662493 2.38428654 6.61652023
 1.35180615 4.61268917 3.7300966 ]
Lowest Cost Found (Tracked by Callback): 0.09566515571693657
 
 
 
1.0009721099819948
0.9999795821115631
0.9988378892415157
0.9995545542204219
0.9986304211637178
1.000553024457006
0.9985656460361665
0.9993985633336454
0.9988987693440688
0.9979918176415988
0.9980923876169487
1.0008439128265423
0.9998632677276112
0.9997510205913859
0.9990644271468533
0.9995650734628009
0.9993001410636266
0.9997933316759545
0.9987645860126068
0.9983994777377158
0.9974978745837889
1.0002460262627926
0.9993408452103313
0.9995954605434317
0.9991352706124367
1.0003118551515384
1.0001131938536676
0.9972975213883226
0.9983052487620477
0.9966257349271981
0.9974297334864326
0.9941256349429184
0.999941495504365
0.9860263655646351
0.9979652435829683
0.9998339291508451
0.9721298159271132
0.9821827108972973
0.9972148837512017
1.0000260584940746
1.0004743889254384
0.9995015463272366
0.9868985015748798
0.9989504785541978
0.9983539440294109
0.9999300111819601
0.9991269888941355
0.9975968473337993
0.9929559884781133
0.9658615520759359
0.9981829106235863
0.9999969270277468
0.9785854185608178
0.9990155974978353
1.0009139038984998
0.999354814642849
0.9988899864104731
0.997789925108525
0.9753293910103203
1.0001469228691382
0.9984127573607328
0.9976909036110215
0.9989104508150364
0.9966043998606703
0.9607184400007291
0.9982098184352555
0.9975831091429653
0.9935134257022008
0.9976919976438343
0.988719061083408
0.997333947335944
1.001380518675107
0.9699081935388094
0.9947094882807381
0.9877590698696228
0.9919487600127386
0.9962047105459115
0.9921315286782202
0.9690473730834069
0.995366049217822
0.991420298880474
0.9456474673095238
0.9989616621688134
0.9906043910191086
0.9877117685875837
0.9840532439037132
0.9565390299585538
0.9978614091640068
0.9806754068725316
0.9913759084326758
0.9831495070372192
0.9330462402334296
0.9980931980549108
1.0024042337715224
0.9528045787445462
0.9688960607029051
0.9726692029514777
0.9690551474683605
0.9272912705750732
0.9957409299410319
0.9603187703843741
0.9961693358793032
0.8627754109200042
0.9693896467798953
0.9314340297752701
0.9182517003364966
0.9554591390322416
0.8865797374953435
0.8639621770871599
0.9633498006742439
0.8933971858394205
0.8499855098930338
0.9485164829729791
0.8472248605470484
0.9489853404569019
0.856939890045501
0.9373303277375937
0.7353989396626726
0.8925366647501122
0.8372167790847882
0.7647903488482833
0.8560577071290123
0.7676665640547056
0.7300537425562044
0.8341987142680691
0.7303541417036181
0.7977514759982773
0.7382927333719462
0.7429489294170093
0.7131142051322619
0.723475365783868
0.5225992519126998
0.8531495473109942
0.6729246571381128
0.7997139856224178
0.5760556180617264
0.6910324158921402
0.5728701900206172
0.7575434441504223
0.48685730103148983
0.5020898097884314
0.46167674970171824
0.5958501650503352
0.5929114875521084
0.5035520267028755
0.47528340572618877
0.41218645679301325
0.573287559598656
0.6276995442223671
0.5008741771104535
0.44082344434391385
0.49802763567650565
0.42863398750006343
0.5266338593150993
0.5422672170444062
0.4294314710310716
0.4318983036998939
0.456368008129835
0.5663789073416812
0.4093747817750061
0.39596400457001435
0.34704951140720186
0.45688350822004176
0.47972203064499497
0.36898013186031653
0.3517364316799969
0.371977789633101
0.35962933233706595
0.5007552432517047
0.31728897214248164
0.3077771176018602
0.40253451406126994
0.3637053763006566
0.34193270496997374
0.377257617107692
0.3065569902758102
0.4122874538340163
0.3135984201501719
0.3201185092915424
0.39486008260435346
0.29484875240846875
0.34629083602326627
0.3743209138864727
0.39191395746073776
0.33196251495719487
0.28473029627646484
0.41348010017428705
0.4307179728179449
0.3669050750274204
0.37270983845366945
0.29941826643049496
0.2966414617166627
0.3317400809442155
0.38822187256318974
0.30984059366830985
0.2786340523569317
0.40485773182085427
0.29322381078363935
0.3944520000904067
0.37690920258008775
0.2655176964672624
0.2526421078862404
0.3461155212162319
0.3426051905516506
0.3195469812885128
0.23021833338310804
0.5556791255372333
0.35525813094132874
0.31886325073752697
0.4163561987198885
0.30799802979043955
0.31741874074290666
0.35002397853183476
0.3031771640507793
0.38571386645423267
0.25353284597381076
0.28493864520534806
0.31888265621071754
0.34941565172342015
0.33971953084680784
0.24444986978704109
0.3229772011795883
0.27903400233709874
0.33138557090323806
0.3758521534592647
0.24574885755232856
0.2725408178249238
0.37027066040643075
0.36184114375679854
0.29149095744885267
0.2166591677672275
0.35339650395018385
0.2764901502752116
0.2366832390529191
0.2658329703515625
0.2096386900856897
0.319737967485725
0.30474208933042135
0.28202944818286513
0.27960592141260543
0.21662466382587586
0.17649733369822063
0.305606631417336
0.3515961721710307
0.30968807037255586
0.1933030071875974
0.23146623248703124
0.3555352936206866
0.2656530011686956
0.1999195976926036
0.1880971762438124
0.24598158908471301
0.2996726579197324
0.17308381348490653
0.23561315278698647
0.18038475845045032
0.30678583995105657
0.26925698735039805
0.3610724068786886
0.4055177377156278
0.19848718488105066
0.2344466482619778
0.24367381845645952
0.2411757314029297
0.29792490501813296
0.16223677605427878
0.2860640371170594
0.2842736125773745
0.29424216358291067
0.26031086103615764
0.1800631505568856
0.2624273471574249
0.25949849017765836
0.29799140647653644
0.22428843922095376
0.16147174522047303
0.24677800716154363
0.244836571908023
0.21178846627470949
0.11425812412679348
0.15250991941573766
0.31013369934041557
0.24047963586206922
0.2820602902116589
0.31746834127799206
0.1599891074702614
0.33519648600931196
0.2632182685539626
0.22837746859180885
0.2442249210634695
0.12957281124417697
0.3472263445723054
0.2835688580821055
0.25281378755573947
0.2616724754680597
0.15261003286143915
0.6850147533705595
0.3262364184019727
0.2429666204572175
0.37262576494842026
0.2850563296651061
0.2652672308852838
0.2498468225236773
0.14517309288427016
0.16515310735578226
0.14148557337103806
0.15786696273124812
0.13602053576866913
0.1990503201335717
0.2618825607724625
0.14466118309545495
0.33036069080300356
0.2710412582858276
0.1860956925412226
0.25853883371901254
0.15169122848003624
0.15497796988991142
0.1732082780628017
0.23181920863566163
0.1374763445859113
0.13808253190829944
0.2788480389180622
0.3321229531011902
0.3026258507058126
0.20348382518810215
0.15439388145259159
0.3048278972308177
0.2608851698106517
0.2792587231309607
0.2471213251908576
0.13250956858997998
0.2043709620096409
0.212958339282022
0.3211595473056048
0.41732332417393936
0.14935933787606093
0.21755256631964237
0.2030493857600093
0.23062036942189557
0.24632787111471588
0.12162216908678214
0.21033491486202993
0.2540464730511116
0.2821058486691629
0.24209280346574658
0.1371118381838724
0.24919818895278145
0.2112891790796143
0.17525868023650448
0.2247199480645271
0.15284511703290504
0.2292839265122103
0.14152877093036254
0.27021103260413826
0.27674951902195
0.12722975078704568
0.6184662435534853
0.34053764269283615
0.3295217570968766
0.23507154010984121
0.29388907058866653
0.2047965813613687
0.20452816407780305
0.2640293285747165
0.3152923837843504
0.13702963637837284
0.3180181110419774
0.2140104215045423
0.22350956002828637
0.29220639716580366
0.15286634387450615
0.2880429723836334
0.47350407734612077
0.17451252294667363
0.1895606234778373
0.23215578666573267
0.39303772751720956
0.26110721502199585
0.335227316950902
0.6648767049949407
0.2804430334983177
0.24367098908907592
0.2702327879240105
0.3124495074258493
0.2820132171432188
0.15071103483552328
0.33342930622698086
0.2189197440087296
0.46745148963486405
0.27317692133108573
0.2263706650048617
0.24023885445323023
0.19968307146388975
0.3052133184298189
0.31097609219896993
0.14149560121833704
0.32679753345342266
0.24098594546896412
0.20767422070190844
0.17610888620994924
0.13736010302746693
0.33894634096042797
0.27808552872811754
0.22344743560322378
0.1956387371666254
0.1479485211769136
0.24922739043236364
0.26921737213183383
0.24259920674960855
0.23155050220378037
0.15152423499229284
0.28854814576280396
0.37167079044099915
0.11822599532245526
0.22858500817750105
0.16278096493562333
0.2425664201766593
0.2924251033571317
0.30499380453958824
0.4569749009285814
0.2342494970328456
0.21789170921243928
0.2512497888282188
0.19984763016638074
0.24064683924680352
0.1455581337409374
0.16119812391063248
0.18942399138676091
0.29827003500260985
0.2490878465799835
0.13210025843083806
0.22517066540403508
0.2104828842414883
0.23436193283862794
0.20307308433532334
0.12271649965337328
0.234286492775712
0.20108774704388344
0.4107226757676088
0.2939966032457574
0.1771536747769149
0.21316096103307824
0.20748323030643157
0.2065241928510516
0.26870123964380455
0.15308379704814978
0.2277132307470494
0.29125138451378074
0.19970504398427535
0.17421531916133015
0.15060155918974838
0.15097250913232907
0.17545428446476818
0.23630792214286622
0.26290499902385234
0.11267663352335866
0.3438953543951183
0.45018017014483
0.16735829544938796
0.22521837097713082
0.18252976094212536
0.23115479369285674
0.2881720016724394
0.27987925648059364
0.2584771751702656
0.1576514978442406
0.21777975223054824
0.17895148104328895
0.17197181406950346
0.19410103750267238
0.13818738606508996
0.2967374035487357
0.21699695873186464
0.13793192046797254
0.18684412527460903
0.14681204944839887
0.19178446911334746
0.16942525708607348
0.19745999709682127
0.19183627991523333
0.12949349042674707
0.15716031234601324
0.12017930455507253
0.22979159113282177
0.2828016114692765
0.15299924441296597
0.24899520191719782
0.14526542257202613
0.22915683658710384
0.23163921417195532
0.1386217831805171
0.5089330814403938
0.30649159691233774
0.20611262484444148
0.19243395411580588
0.23377286134190223
0.21340397763566665
0.21271689841881758
0.15986732203875664
0.1347824105397366
0.13276677751284238
0.21671650237462614
0.15810606957964557
0.43329997661691855
0.28922419978817093
0.20809516631807712
0.24480827797397087
0.24291840093493244
0.17114649762808543
0.17863366813437176
0.14142205661634966
0.19827531586940972
0.21349736190692226
0.21006401906880323
0.07719479871694335
0.11194265965253136
0.28233387297063484
0.26094717904460774
0.3014489979562046
0.219903508336591
0.10933966522566452
0.4478688354373368
0.2796781685759705
0.4363026537074801
0.3404978239388321
0.24613036452514725
0.28687729599627654
0.2628851156944153
0.4156177843706992
0.37704489591149803
0.13113947523724723
0.2063794622136923
0.19237961883356525
0.13429880055387644
0.16642778716008655
0.1183115968180144
0.24405626589004648
0.2254530953099776
0.2754134141185449
0.2509297989311452
0.12198122943182477
0.29411281607060047
0.3890690558516594
0.24367746012950398
0.278087565616446
0.1645330528199258
0.34122835998740286
0.23010358769035555
0.18484897480056006
0.10798561296029363
0.13370062924848758
0.19017237981529744
0.19830010266853948
0.38090880373613345
0.19303302060233207
0.14846214081661235
0.2645210315942722
0.41015856432818054
0.15960725488450778
0.1422119551258838
0.18354433825485061
0.1972544648102189
0.3013600682484384
0.21447403657060937
0.21000761684711888
0.12931156827962442
0.23303440859397506
0.2411304217871495
0.20575064576239788
0.3251247176854243
0.13982446271968474
0.39915666297631625
0.21808153574909206
0.191266942957387
0.2588715317489878
0.149203047735467
0.3051087756655507
0.31543518955375016
0.245159649218202
0.3594924775192736
0.13812163157323376
0.25781589450117415
0.38979963938861883
0.3540908301123986
0.25128851794315155
0.21634416577276283
0.16765666121949963
0.2054622243828843
0.21840414545754505
0.16900507662305864
0.1274493545553701
0.3509163892394719
0.28543726727682317
0.16668529141293964
0.2090996922581163
0.15045834619293486
0.25714535926400384
0.27706901168381426
0.1920720339612545
0.1962708372372579
0.12029150473016159
0.3490012755113465
0.2004783040143765
0.2451058427956222
0.20507159671954434
0.1532127941416711
0.2401966470214748
0.2832743864302102
0.45404079761723715
0.32957841465461624
0.15021743566767953
0.3341635519061976
0.2220355112918253
0.43097748318224294
0.27511238090837964
0.22995772233338918
0.25615787540479795
0.16607865271795486
0.38536904562162955
0.17026193465172412
0.1711435320321829
0.16891751598779936
0.17715285094433486
0.20618240828369438
0.2778681073084194
0.12417796274292447
0.2896482374740903
0.23823051728740408
0.23052569297912295
0.32350370604313183
0.13741316761113676
0.21517677585440254
0.2669758900671394
0.37013671143585336
0.18748437793416906
0.16422921076943375
0.1966699253662656
0.24865487442828127
0.2660357020201216
0.1966680945989946
0.09566515571693657
0.6548624222054196
0.3523808942260005
0.317632078536883
0.2970249117140912
0.2893937227303899
0.49755288310452606
0.2753543503276479
0.19647335172118008
0.26976348635360636
0.23098148758892023
0.6585170795550337
0.34976101127794545
0.21142064824129359
0.26514282258676636
0.28786912946498155
0.08411528311270777