
 SPSA MINIMIZATION 
a, c = 0.35, 0.16
shots = 50000
{   'fun': 0.1350282456835613,
    'jac': None,
    'nfev': 541,
    'nit': 180,
    'njev': None,
    'x': array([5.72049488, 6.4404055 , 3.29798069, 2.58068399, 1.95361503,
       4.20531468, 4.70240388, 2.90388185, 5.30326443])}
 

 Best x Found (Tracked by Callback): [5.72049488 6.4404055  3.29798069 2.58068399 1.95361503 4.20531468
 4.70240388 2.90388185 5.30326443]
Lowest Cost Found (Tracked by Callback): 0.08737241559281606
 
 
 
0.6489378947878335
0.6524885997447087
0.6536960593774268
0.6500111068312291
0.6485546758438802
0.6518740718437969
0.6557427418199417
0.651950479978213
0.6482895805024992
0.6463473563969615
0.6471452453841802
0.6595269633112437
0.650652791281831
0.6536700441411295
0.6490568910886928
0.647922906944308
0.6511190168443761
0.6493416349650258
0.6481481515790564
0.6535871790207133
0.6487535545602474
0.6553778476154848
0.6514390895527188
0.656864043562088
0.6575677980607628
0.6518691586996235
0.6603802512857475
0.699575877797939
0.6492120078062655
0.7265979884845131
0.5851586156412416
0.5960391548669077
0.5602683012161613
0.6457109031208801
0.5682931621723029
0.5765647331549372
0.6392470349619281
0.5691505246936048
0.47193034902038444
0.6858225061609444
0.4972752388833316
0.5735263505764376
0.4976334173347581
0.4892153937631727
0.5529420746584803
0.4668556583328701
0.47093884526013785
0.46919496533860205
0.5694046492272438
0.45500494415977055
0.46707280094205006
0.4962498258484056
0.44994508866955474
0.4764606318774577
0.45583013263288097
0.45453709720447755
0.5393180546875355
0.4029516118833484
0.41110127077957803
0.412036245389396
0.4281796941144427
0.41576620253896357
0.5417247326039152
0.40942958229260096
0.39862294405694465
0.38398278129502883
0.436392514295291
0.3897866849107493
0.3862902708570304
0.4381231604045247
0.379816500693284
0.39284248369589503
0.4066862704819303
0.37723823419515035
0.3910928621325639
0.36893746515556347
0.3748696346896039
0.32641353116047456
0.4722478911344782
0.3253840056181634
0.3093353352410001
0.4121334938998502
0.3143879086500061
0.35860910728890316
0.3056297307990118
0.30087131316120674
0.41713676569814695
0.2972562631704373
0.286851586756805
0.3225435400259017
0.2884316395569986
0.2842786995767633
0.29774696163566783
0.38053465611511805
0.2751011070124766
0.32197544996808014
0.2946673042491892
0.26890295159100697
0.40569942231067846
0.2660180935342733
0.2531579188519325
0.2530188711173267
0.3097351199920525
0.25042050751847156
0.2980897440221254
0.31731400211636673
0.25581543485306624
0.2621476203275447
0.278045193533629
0.25418158348907205
0.35201396729687073
0.2665975581690977
0.23770138585038803
0.256812604807206
0.23434139112752372
0.22586941211868317
0.348047239420302
0.3008288688416779
0.23250843697395984
0.3376243884846727
0.31929126098137495
0.2407313187305834
0.2991122471979776
0.2580022135427228
0.23990026083597848
0.2501380954701883
0.2967872225423699
0.23481139148582175
0.29760329255632645
0.2867647806409601
0.24051207629607219
0.29633003540052305
0.25873622942301977
0.22834133310744997
0.33582129457856136
0.2580501582450344
0.22224066542587462
0.35860109273966634
0.26164493475862016
0.2292879524189333
0.4077552145129735
0.24796918240712917
0.22741521117634822
0.2965292993412536
0.2452996151616632
0.2171921229002367
0.22039958947718674
0.33299953917238756
0.216643785777472
0.22186800184046118
0.24699375638415477
0.19690520337188944
0.26247891392882383
0.2512177760175386
0.2095246927500235
0.19946949645893786
0.2068143337460171
0.2156154306871625
0.3037324418070705
0.3367845637627477
0.21905869138473644
0.2102030933384681
0.28171142342153954
0.20044867795369126
0.20800881847718478
0.24952745231532125
0.20891748662970222
0.3832167394334469
0.28520158668869533
0.2526618048298723
0.26254762846387003
0.2296498316127502
0.2014072640345882
0.3079275264346144
0.2591265051576995
0.20293615306987456
0.2752832522263128
0.2535528565914963
0.20160360663253918
0.19485014020325897
0.21523309936185897
0.20239184951878164
0.29414471196636827
0.2928695954447743
0.2041845247032691
0.1598847190814323
0.2570155661725336
0.1659027703411522
0.23923007216435832
0.37399174081477116
0.2146276040932621
0.2587898222913364
0.31080453329789637
0.18839609820358705
0.25125486743041947
0.24784162866613113
0.1933204972762983
0.23390034845062846
0.24800120417769478
0.18428759944918427
0.29294479275667185
0.28123097950315057
0.1882043352462811
0.20761564089671813
0.22023608519111204
0.1760954725931635
0.19712945037540097
0.27241103831939695
0.1636516530405966
0.18776210578973085
0.19258425175624894
0.16689108204198633
0.26081949954506134
0.17092579852365397
0.1543512317223551
0.3971880311708703
0.2385004961826399
0.1954847426493287
0.43298370405558584
0.29446608071494307
0.2375723436741748
0.22318740904892764
0.16967903301465603
0.14447290292807025
0.22509018376223666
0.23493564943820233
0.15373267293359605
0.2667894696916917
0.25187402988243424
0.1571302964110569
0.21352787713874888
0.16225810293126808
0.14926980141767232
0.21329915335508443
0.15096212755106952
0.12525112729720234
0.22432017664762827
0.21354955397626996
0.13824982133014374
0.21110485263510825
0.21652870165515348
0.12109860918483006
0.22140457826520465
0.19750399115048134
0.1509827443458498
0.47374624452548963
0.22460528313974282
0.19449163808974668
0.27516936549089377
0.24836670341039135
0.1302254301863094
0.13774963241119387
0.18035347002088964
0.1285839470584761
0.22076390644432708
0.3219921584273665
0.18644525695927971
0.13033895989056254
0.21133115760701227
0.13698150090381944
0.22023417613653773
0.2807859738081464
0.14618040306898128
0.21754059823162497
0.42967794124448067
0.18357092985360235
0.35284457805114045
0.2309739837944328
0.18835357458652835
0.19598887629818906
0.1576173438252767
0.12859342220786807
0.21712549862678776
0.2979096270496928
0.12875702984830517
0.22881952083186097
0.35693389870581926
0.18932524018969776
0.18280085172562577
0.1505633912662483
0.13521269503242317
0.4970647694376795
0.2777436747732779
0.23666093594018978
0.11929073897360576
0.1670981059694513
0.1104883632844672
0.12836625196643947
0.18499474025053086
0.11327120615490782
0.2623853498977934
0.2568149310951282
0.12638270071609103
0.26651031069736175
0.20450268178164088
0.11965852290662005
0.2299943535318233
0.44018878978461984
0.1648781787607414
0.15037239156201754
0.23133601095766
0.11799233513918295
0.28126408262986846
0.3184566483802319
0.12754506401160892
0.3273010451369427
0.20360067955923056
0.17202580358075348
0.3178513315011814
0.40372051010838417
0.1833891119381723
0.26191236249635785
0.2882268424972003
0.12036698656494049
0.17567230201844009
0.2252535687817282
0.11645970498131086
0.2686443368195328
0.3375250604664394
0.12151276572603187
0.3864646661964716
0.2611584345845477
0.2007302071838677
0.30190563750029664
0.13908072509492309
0.119175654754204
0.5005063621282702
0.26465797367856525
0.22451981735752813
0.1976147941915699
0.12274676390839656
0.08737241559281606
0.6105705570844273
0.312649856129369
0.242451819396596
0.27174400562524637
0.3263446449599261
0.10308733785436908
0.17968158742005647
0.5464922859656507
0.1588356455165182
0.8208187498968971
0.2973141234933012
0.24233589728419613
0.264205634119677
0.18050016186061157
0.13995770713908806
0.2757348994856268
0.3688648192753947
0.2104931108991015
0.12226588403432304
0.18466721136767328
0.11727812149407946
0.211720065738768
0.11026881120583432
0.09715493418832288
0.389248483398839
0.27109411555721763
0.1799566531004324
0.1844703243746767
0.2343613198332527
0.11355373081408004
0.16702845296554591
0.14561349560204728
0.13259693587871513
0.4676341904738808
0.18570401135865677
0.1319880753868793
0.14543063800294387
0.15581672539812974
0.11107202598439203
0.33779950616707155
0.250306140733482
0.1819598777953625
0.32186305346728017
0.36698219273340393
0.13178158706303456
0.350492455956832
0.20895565561684448
0.1684810351208088
0.16499866709388034
0.5360273842706287
0.1565018550084366
0.31740893682761406
0.3245080549516254
0.10391989302153415
0.20191674976188811
0.20606019546455134
0.12616403065249282
0.16721317886753195
0.2314186764280043
0.0950929994275902
0.32363842641050833
0.3446192600354553
0.11126517054713336
0.2667368311942885
0.1514240184586011
0.1287758485462287
0.2083507339189351
0.3739439650783726
0.176476919231905
0.33058034333063757
0.2931618293733339
0.15209635069939198
0.23297621245499733
0.10065702419470135
0.10532077451393085
0.3864750398224256
0.31683463454107064
0.16288077660378486
0.4534966696615421
0.23067476462124248
0.1991348371008319
0.17487867472204877
0.16364125246148908
0.1036683790220948
0.23860735579173553
0.4954371222103723
0.17980984539354583
0.44740529732749446
0.21650721550802177
0.1672279713568774
0.1688413656381741
0.37802853898242916
0.142232510667061
0.5163830265930462
0.2830105010986349
0.21629093637423313
0.5308459174275819
0.26607763354819114
0.19582337490333301
0.16365088135555939
0.29799164540859613
0.12340001452102833
0.2375092033205881
0.09729418831117054
0.1079629249340921
0.24616906057168508
0.4338227468357282
0.19013582897635517
0.17976658177958138
0.23562948193812172
0.13212277880957823
0.35827909825932014
0.3504723342435905
0.1190012999045309
0.35758817570968005
0.1855098593944262
0.14660981014519392
0.35053373118429276
0.17640125202338064
0.13983371632260944
0.1940848309974117
0.5032178690906557
0.16370539293836228
0.22475201379520993
0.4295268741314501
0.19716848207664694
0.1648821824882759
0.2372467209830712
0.10118055412222271
0.28124612937321647
0.6433812540834847
0.2317268987189891
0.2893678650460868
0.382554834094868
0.15750596971027664
0.2843897424847883
0.22069775170221217
0.12867356180076817
0.370768832497658
0.26260777937146695
0.18099860510536248
0.31923546999040087
0.25915813998589043
0.15491964929405333
0.24235282755838805
0.2957040922278993
0.1492485543320261
0.3063034205210914
0.58743010691209
0.24385370964692243
0.17520458096660307
0.19921948781506382
0.13665005216271753
0.2967118256891518
0.24425288917169863
0.16055094602426923
0.240285035791454
0.21392669402171116
0.11326159411540637
0.1585736115236318
0.2513332015810279
0.13867585532636328
0.17175930605203382
0.16814174695969364
0.14108221402291043
0.41639444906421974
0.15953471658139295
0.14027399499459747
0.2043426800164242
0.20338787406500558
0.12493450969730924
0.29565410185995045
0.18603128518698642
0.1528613460053827
0.44294201044181236
0.2485611213864506
0.20884250152787986
0.5294435561702548
0.19670623182098668
0.18411965739736225
0.3219726392926521
0.37828281274007824
0.1494046166547789
0.2408967434366538
0.23485321188079866
0.11116630572694897
0.31795362042954045
0.33091169141278576
0.1288871833117765
0.4008368711901914
0.6226613164445043
0.2989766987023391
0.3631315029680019
0.28770651540348635
0.17527114259081655
0.1738816829828752
0.2532072301838765
0.13628047204805394
0.3744283467402765
0.18274864000067204
0.17858323007407584
0.24153678926868594
0.3745360942500986
0.18824168539748742
0.26880884311350295
0.3193575496655435
0.11116310505713312
0.25621576946975544
0.37626460711831244
0.19831392253588387
0.19062052156594256
0.28417240623227513
0.15414145935603274
0.28018567033701847
0.33426332198034736
0.16904248442309655
0.36599209433611324
0.2913342282246315
0.13586465684516946
0.4948975008846078
0.3173357607488122
0.2615552800979515
0.16417283261181226
0.2443773964305469
0.14342062698736846
0.29856539607203425
0.2866313309500892
0.11626981932045621
0.17592896664217195
0.31083176882563346
0.14262739572212468
0.23594997742049428
0.3528759506184409
0.18713937771481937
0.1350282456835613