
 SPSA MINIMIZATION 
a, c = 0.35, 0.17
resamplings = 2 
shots = 50000
{   'fun': 0.12190902149601013,
    'jac': None,
    'nfev': 631,
    'nit': 126,
    'njev': None,
    'x': array([ 1.55073626,  5.94132483,  0.99004242,  2.82479031,  1.83496676,
        0.48091975,  3.71542614,  3.3640208 , -0.34584607])}
 

 Best x Found (Tracked by Callback): [ 1.51925162  5.90984019  1.02152706  2.79330566  1.81264416  0.51240439
  3.73774874  3.3416982  -0.31436142]
Lowest Cost Found (Tracked by Callback): 0.12549817015503606
 
 
 
0.9960137664585412
0.9945616626084138
0.9974749554216403
0.9937662157440224
0.997634687757872
0.996006622916634
0.9948475573144105
0.9970318827911822
0.9972097847130484
0.9979694095027972
0.9981449931466084
0.9955227399700562
0.9952782303875941
0.9961746793176378
0.9972332070791051
0.994476986378305
0.9970717875885668
0.996070175619974
0.9954847064642836
0.9972507168431132
0.9954062954021259
0.9969622850325448
0.997664838894565
0.9957747013530958
0.9979148087190435
0.9965720555980732
0.9985520892919587
0.9953802573937643
0.9552655163297937
0.980900068514226
0.9958905645511359
0.9279808399992417
0.9802437644942449
0.9998927071314652
0.9929833822445987
0.9875395040962098
0.7856121585131332
0.9940731657118039
1.0001451867515199
0.9779966913062214
0.8972508410065496
0.7476187584371139
1.0003175708186054
0.8079713280919183
0.9634544977096244
0.7763723695976156
0.9080831969542722
0.6343938349813036
0.814029109876095
0.7089074871283468
0.6385911140906584
0.9267696330456869
0.6554901895481797
0.8051916283240782
0.5209536728139881
0.5819677024980657
0.7033527387420413
0.5637062809265445
0.7630520000800961
0.5585216441170652
0.5075759262296442
0.4351443573719481
0.6099459560413407
0.5732102456141945
0.6258701038303067
0.4683687031298548
0.5413586435235049
0.43445341426898676
0.5291257694814802
0.45456773508567994
0.4473538667912713
0.41478588851120934
0.5787973906462582
0.42383771433157114
0.5583121298701299
0.4149348698839781
0.5631335023065481
0.34747785866401537
0.43473956028888217
0.4774749578854218
0.3533274883938252
0.3702712507988384
0.4473573747796671
0.3621943579837936
0.41053537384676086
0.34218952477210696
0.5329444286000165
0.4045156198809158
0.36318731266186777
0.3491298687404196
0.34010002261423744
0.34431104978612925
0.47278515153342937
0.32075921130965135
0.3965044243285597
0.30164578682681153
0.2901364785139803
0.31050218378999483
0.32691151832808407
0.39265898291127466
0.3023017741555033
0.30758532990001275
0.4069716995633056
0.37291214956428054
0.28370567483309594
0.2701851783368969
0.2831803353665773
0.3457179986148695
0.2992016560166607
0.29353277956632406
0.2692554699221438
0.3553986812333343
0.29252979991103945
0.3556325369637927
0.3174185998296184
0.26085865841906886
0.3138480343059511
0.3363127980844163
0.34502486095757157
0.26772906644339467
0.2548689759292694
0.4223606590786817
0.42883736578846954
0.32685100052763805
0.2863615990848676
0.24328122728217516
0.3324640723732081
0.32543334334003804
0.3031038703866784
0.31137409240779956
0.2503103471417709
0.229660731349824
0.31995455252533067
0.382453208320098
0.3342232406422404
0.24654451818262568
0.289133139354553
0.3217754037193439
0.3131650409325114
0.3273198652217465
0.2455253532589049
0.4375413069542011
0.3679305070476896
0.27893641271072755
0.2420755559250034
0.25332236051747015
0.3276359521103335
0.3385076017316764
0.403389558136225
0.34874322063860186
0.2462709244033091
0.3171157377358441
0.33510956261545066
0.24308462606403802
0.3076120885506576
0.2588965187504064
0.20693017953604764
0.3687141641406144
0.25238741622012184
0.41389686453919516
0.21131275885583656
0.4116305789502802
0.34195501587507915
0.23457128655758275
0.30932075043003715
0.20068459740636801
0.313922033549756
0.3198165758269682
0.22229851986691862
0.23371820638983565
0.18426119003562225
0.31702970916592244
0.32364420548699724
0.2569792168938302
0.21234081997730325
0.18163132093861223
0.2368428866525425
0.2710408053507004
0.20542018596903255
0.2556128224650005
0.1846293434126577
0.29605265152935156
0.2723909062081251
0.2559588610327602
0.2865158054802901
0.17764073298086624
0.23976171040689787
0.19954791291411234
0.29773662784085597
0.2733140255507547
0.17381270151137207
0.33280882812213985
0.2490621998971594
0.28768935092899606
0.31031217174884385
0.17942517992657492
0.2899937559828808
0.2859415777960811
0.23516666930436503
0.23488523490755164
0.18861088334500664
0.2535065852448152
0.3068499518918776
0.2615458391995349
0.3087710477229264
0.20184812652201267
0.48664257065276595
0.37663695592150515
0.46815313127244984
0.2906289681640094
0.2821223646059633
0.23792419713076396
0.22285769432483016
0.2565308466704217
0.25243068977273597
0.18227316331337484
0.28868808984275396
0.28088573441382425
0.23515340183907207
0.3156776997160323
0.18875374357060715
0.38782595097839123
0.3559714225748658
0.2629610127931259
0.30047711607853544
0.1745291452754022
0.332819990106063
0.2893099263764034
0.36151089456619245
0.37142315421419525
0.18563921053325638
0.25416840073973257
0.27606536126847314
0.3767790490402898
0.3106556264936098
0.19190194343411493
0.3954168000739541
0.36522489217043264
0.27731384185674157
0.34206807135534156
0.19089920898051038
0.29144194897065323
0.2773325492804648
0.2668655873303404
0.3149958821699178
0.16742915205547904
0.2324233232416001
0.19579076474844925
0.2006714313124769
0.19899020406783485
0.17438788139711703
0.2329349415257983
0.23035774212231575
0.3783511306707158
0.3211913162436193
0.18273656093868273
0.30927422710110186
0.262718100684848
0.25533354477354564
0.22754332278959621
0.20119943046165478
0.2786451696726523
0.3640728668765977
0.23925170253372485
0.23026392070253632
0.18459757970729507
0.28579511759962717
0.21358626178903994
0.2801324869551063
0.29950724874188506
0.17911541387330687
0.37912903018032873
0.25568751929567224
0.23551554727017832
0.2640674291129381
0.20260780854415283
0.2760399868737695
0.29758448336840404
0.2317098213361788
0.222559583671171
0.18785036932713817
0.2526405255962838
0.22569110033592554
0.31394565255203966
0.3450350178147107
0.17778112521655365
0.2072831230045019
0.1712673091326019
0.19760003496514233
0.2260544880326093
0.16592936871637542
0.3341998620125983
0.3244187581408765
0.2880378418736069
0.26108150021054266
0.1855018978154429
0.2583263946945422
0.3062714164714755
0.24242894238520907
0.2021549236201089
0.16378134239889486
0.3533503451595942
0.41467292938305733
0.19868019162276107
0.2223891013533954
0.18615522289997033
0.30665863572190155
0.30274185003360965
0.23176459438242847
0.24777115730678978
0.18252074037929455
0.2632893118554712
0.22470503756258875
0.2610197316880317
0.29956323770742754
0.18167578094925962
0.21988133185638303
0.2030622825928221
0.2528705039291602
0.19682875681003265
0.18183528706532137
0.32721486187606974
0.3532778356545395
0.21049135585323253
0.24429452767112814
0.1835337973645631
0.1818800708799062
0.24384682495464305
0.25877217110804485
0.2913251547023714
0.15968228222259273
0.2299654222180313
0.16843455954119846
0.22572324064873728
0.24873374774652401
0.1678742890978846
0.2662697757480381
0.2813674176579204
0.23967106727197163
0.24198141609348323
0.16850423191040576
0.2941137205474329
0.225332978795736
0.3854996877616653
0.27296488113834827
0.19519726293272643
0.2512386855323484
0.24018233462127547
0.20442924739886248
0.24512678174069757
0.17086756805835568
0.16284416714705607
0.2124384940204722
0.2749120069954618
0.2447006547622249
0.17192110490386325
0.1991444623334666
0.24013851573604728
0.17899080398413836
0.2140162670189707
0.17344650796748806
0.2479673368295715
0.3532649979706719
0.1563044357284038
0.22305501451862186
0.19249026543787395
0.26308571212690324
0.2606119189584636
0.23566613426136473
0.2825553157117059
0.15978962221268134
0.21912902753801033
0.21965104235805832
0.2062824342081917
0.2304688084147667
0.16443897360271365
0.26977189262266543
0.2660854873268881
0.2845181806366033
0.230088196528355
0.15649610341469944
0.23095135850443027
0.2416248964955824
0.25534436744469824
0.2561467020780317
0.16208385532156577
0.2637604385093827
0.3157861616243778
0.32640792338302327
0.33315493209376956
0.16952051770178078
0.31934503146150917
0.2867862643984722
0.2765762616990718
0.25098821697763485
0.1777745237727456
0.30738537059926707
0.22590886331810445
0.2697934068951926
0.23103755139580162
0.1546690299013147
0.24742312889611295
0.27397651828378067
0.20293959633722158
0.16036800205025648
0.1559828693178278
0.24184740254701642
0.22948883422524102
0.3296345042237151
0.2964245613214579
0.15727289833775238
0.23709846837683446
0.28500070746052597
0.22720760978795906
0.13880184538311569
0.14309696523244364
0.2393738342615902
0.30555241887106444
0.2294123889431493
0.2907451925805993
0.14342279976731842
0.22281245820433426
0.22563678395343967
0.1903094067398512
0.25723668605559047
0.14576611947390095
0.14001622388177026
0.1967612554460907
0.2895783207208765
0.25993548603888994
0.13261671784122142
0.39259076012294225
0.3062774220866631
0.2522967676001452
0.24640268507081808
0.17095678842343087
0.21922102903847962
0.257150776532554
0.31772654111385035
0.30754541524179546
0.14037054378628344
0.15060574296051943
0.16256362087027898
0.17935680476524263
0.18954579064057742
0.1428779906369212
0.3577094019122836
0.3301856424113637
0.3264193123516913
0.37456938720880195
0.1627237901227908
0.24238362544609204
0.2239369299200562
0.22959367757617333
0.19880628534950118
0.13688852165169962
0.24180767918595092
0.2730004572851946
0.3696754640525536
0.40760386568061147
0.16246840663045714
0.24007803821400464
0.21770229637740746
0.30208404787307297
0.2952260675860122
0.1357035473061955
0.21018471480667977
0.2704846256915149
0.19206826671186517
0.21737062993539114
0.13352213628824516
0.28056020320068265
0.31945426741808736
0.2875217049432276
0.2083632310060849
0.14889796586953197
0.3010826630768708
0.32615229696389236
0.16470876949956725
0.15852696805879762
0.1451314623909149
0.21496582658469165
0.17835332660142844
0.1998383484826335
0.2645553749659909
0.12614963503762344
0.32695859143906325
0.2745983252936214
0.1916841817006394
0.18901774855233877
0.1521054629141505
0.20731955393654056
0.18556576047295448
0.3540518501325932
0.2710118963578819
0.15369322690377785
0.19186622356586136
0.2140007283586468
0.2619963270602699
0.2810149624742334
0.14943905076954977
0.3037104998161607
0.26900100305729835
0.29340637770841715
0.34699105630216165
0.1487419999708831
0.17573237728162672
0.1437797851244993
0.17687760316682954
0.19144218343676722
0.12649396181347483
0.3328431816439441
0.39015475957818724
0.2421350411574864
0.23209375787243647
0.15989468066798052
0.2614845065220335
0.28192075827843344
0.24660215919671202
0.20103981200747523
0.14387475488655654
0.3005834094511749
0.1869172712120457
0.3482364421687639
0.30290126160399844
0.147658572554057
0.21777422249557488
0.24116710510456119
0.26795089551637274
0.24360639457503597
0.1439393805167949
0.2270420283815887
0.20537521881851473
0.26960521644343804
0.2935115139446246
0.1403199330072109
0.25663256011442437
0.22193768606106234
0.34619693740613344
0.3189948258246488
0.1510092206781143
0.38649211142010487
0.33160841828084364
0.21625939675656414
0.23378186246688226
0.15962669134858343
0.23602008275874264
0.23819634476556262
0.3368646087581243
0.28264070364398
0.1414925885897126
0.23996013052073217
0.2190980756390627
0.3045806938414253
0.4361963770709586
0.18073882934760954
0.22895759248444258
0.21680809632650844
0.3039135243007389
0.3017769598167648
0.13641976681119816
0.20231392685308724
0.31339731571394625
0.24355292740873757
0.2699354719505397
0.14451631307185442
0.2712543540682031
0.2580178263668681
0.206821270707503
0.21841031458686644
0.14263177333368782
0.2515751010424555
0.1674819743747451
0.34583583450048216
0.20814235153586813
0.13628693091009458
0.2596498041749674
0.13076989500594483
0.3077077533788942
0.38159515302960256
0.14584706299566996
0.13432252739622097
0.1902054740412018
0.17199214816478725
0.2087962645292717
0.14045668900799002
0.16340645428505396
0.16320405463576204
0.29754142066380296
0.2936981887529946
0.13359648999128348
0.34809541275746325
0.29540662982020716
0.24201531274612875
0.23278289669633045
0.14412469681709783
0.20565819408873154
0.147489830479258
0.1809928826331011
0.1685209081326262
0.12549817015503606
0.2614293752989484
0.2653831615430098
0.3179584861345909
0.4036040762257268
0.13391011102558859
0.36796921050520437
0.3384457353617608
0.4467698945140348
0.32179421717765466
0.18960994610163995
0.210540831182916
0.2635147289375376
0.3252182021095209
0.29669348996602607
0.14424779024938694
0.4395889070458653
0.29764113501486955
0.2688223382974615
0.29554449743793887
0.1994872531833678
0.20504021617699908
0.19982471275518832
0.16112485809591492
0.19181779931018794
0.14446593848021072
0.34497503707259347
0.4413970205690425
0.2036391566153788
0.2414717986008733
0.1642298034263283
0.2810436326662884
0.2721433643839951
0.20804650467307406
0.15577661029347767
0.12690422778820964
0.31709479289633913
0.26581496045071706
0.38580061284763967
0.27719304911810727
0.130535064313949
0.29340256504095097
0.40248942392544607
0.26969498997393215
0.2627229932688372
0.1700047002192221
0.30693787776881376
0.26063204647502225
0.2808263473184307
0.2937322531368096
0.13613355331611032
0.3691184503454261
0.3146266923769774
0.2307774066915672
0.29519842593014123
0.1386446869061997
0.12190902149601013