
 SPSA MINIMIZATION 
a, c = 0.5, 0.2
shots = 50000
{   'fun': 0.22134601229800221,
    'jac': None,
    'nfev': 379,
    'nit': 126,
    'njev': None,
    'x': array([2.38259025, 5.97633065, 4.26056522, 2.19523493, 4.49682157,
       4.76712263, 2.24287033, 4.43483381, 4.46185349])}
 

 Best x Found (Tracked by Callback): [2.4310211  5.83711632 4.1961351  2.18618078 4.42781389 4.68070326
 2.3218999  4.42625746 4.44376881]
Lowest Cost Found (Tracked by Callback): 0.2079203907699554
 
 
 
0.8366958809559675
0.8378315500307133
0.8344105168019285
0.8378876607042728
0.8391405918072968
0.8319312484962721
0.8370613595375425
0.8363829921405662
0.8389401686979395
0.8322642852453188
0.8330663500517447
0.8369778145890241
0.8403468718606254
0.8393351347114977
0.8329773002772584
0.8350872384672685
0.8348938929163198
0.8337017605344577
0.836365325686901
0.8311909685663093
0.83848939985237
0.8366365266912066
0.8390053444079806
0.8349480504971942
0.8316294310197114
0.8343562605238991
0.7869716696769544
0.8847588292400539
0.8050691955400104
0.9605746678282665
0.75128624079624
0.7520566099941894
0.6869492598731242
0.8033107156393459
0.706388318996287
0.7777868626911261
0.7269966274858524
0.7045134715166854
0.7631924645684174
0.6569973821408481
0.6741127268414305
0.7232400311552137
0.7922711215260139
0.6709002102868915
0.7879235823687809
0.6656269680284082
0.659223491511835
0.6938086967320919
0.6326655026733246
0.6435311962667883
0.6601038248934723
0.6518535122803235
0.6433935159171675
0.6094446935701084
0.7440855470052654
0.6119967006866842
0.655375652432164
0.6215250980007518
0.6114845565319138
0.6103488101152869
0.610118732706626
0.6111179653652201
0.695853948107813
0.5712403830882898
0.5748966448503879
0.6141715415411182
0.5552782428369221
0.5674408154927486
0.6584072628917853
0.4697250316381728
0.4888229311553878
0.43259705999719833
0.5509084265830317
0.4447895869468633
0.4899028134414468
0.46416720347113904
0.442470331958297
0.3877462881763353
0.48316419789298526
0.4177407423275553
0.541992930648165
0.33566961931901307
0.33650406406054556
0.35401235825091293
0.3612003915792391
0.34808556798847223
0.3304607389004559
0.40034278648820265
0.33326055850409664
0.3679018044814695
0.32974944047781607
0.3322989198469489
0.4111977701612948
0.31294938631546587
0.30699724885871793
0.2875710999736294
0.33101528767395805
0.30745157592266326
0.3253006453474996
0.32148568524731935
0.3102558167579671
0.4532632658567124
0.3009698592728056
0.28056301083239277
0.29932434398325636
0.306324657207277
0.2891452643967912
0.3296812685564787
0.3641824093903664
0.2757511930407922
0.6142458391656539
0.32643647049660107
0.31286895223862987
0.2899790866687467
0.3327366231844219
0.27252870358441184
0.32034684752578946
0.3652688626327196
0.26767986847682057
0.3283760449069121
0.39508773376231665
0.2730082294526741
0.33273740579965727
0.3888484062681933
0.274643149946844
0.5022484953006483
0.25371231330705746
0.25922353233992534
0.3703087311278782
0.35808186996324487
0.2654169861351755
0.2798411130268287
0.3487962148217768
0.2570812248690515
0.2604024624594825
0.41467708114843194
0.2580589229031899
0.2521555226298394
0.30853140310687743
0.23808294175138578
0.2878713776408387
0.3245524932275041
0.2526076719706907
0.3435599466702739
0.40096976419658237
0.2702302804196016
0.3224623181280405
0.3282539239210709
0.250323282054964
0.2965259134911591
0.34568746894548086
0.2425678832616035
0.2767605516666902
0.2764578262210715
0.250045883421776
0.28727319455852285
0.3384038985660046
0.251356273159257
0.3711987024825848
0.40736614327588005
0.26732247937555986
0.26775118644998763
0.30189065649154123
0.2457254671795801
0.33611409696770633
0.33751354708593007
0.2490363255407858
0.3388697079705222
0.294870740455771
0.24568513495508104
0.28181825648077596
0.27037871300962835
0.24777159670873627
0.3117610141036128
0.3341560227179853
0.24388884829861468
0.40700014280886054
0.36561109742782705
0.26907127078847015
0.35102866681695166
0.24247245481200785
0.239604849526186
0.2671202999565825
0.29346803029907165
0.24313715146197268
0.23627630890428108
0.29204472800633074
0.2340987583231634
0.24162880296825484
0.24512903667802188
0.23525569748525865
0.28776102664950864
0.34997264679487317
0.23485802086829843
0.2835694317185694
0.31195998357454546
0.23329426916496
0.2953278045685087
0.3108151806481183
0.22950295380959462
0.3274190502554839
0.393457893415314
0.2484893630040198
0.24928721881227867
0.2933726777755501
0.23081641149733867
0.31358803581254735
0.3109067501801185
0.2403116067927532
0.347838851053789
0.2920072063641824
0.24594494763163444
0.27035843064484055
0.3848596724004857
0.25353820611617517
0.261698682449951
0.2126408394092918
0.21899709865067218
0.24981449192257987
0.24732699706411365
0.21019124558228064
0.3125198902074354
0.2810734301876585
0.22961950342798565
0.4924812981202852
0.34423715712485325
0.3171011250905109
0.30031464903291416
0.3145782368412119
0.22659760519687933
0.33721486200053896
0.4571823953967903
0.30349307200867426
0.29661235292672106
0.3127631830197035
0.22356906868526683
0.27361844680968095
0.28115776267238013
0.22380188855568728
0.3273095436603166
0.29473134172063764
0.23209566503299783
0.4771483008209706
0.35777065194874735
0.31824611712149276
0.2818976704865084
0.24253225361330688
0.22489415750669983
0.4207953657720792
0.3087611785663372
0.2730639660827858
0.2715513541524729
0.22322492884586964
0.2228105122092039
0.2534338448171991
0.2220887423965131
0.21124271930239724
0.33945707203898523
0.34692511920378577
0.22751287842045265
0.3082967888538143
0.3385875517470124
0.22597931890202771
0.27635493710697523
0.23795928271463196
0.2079203907699554
0.28858006235096423
0.2634476620597258
0.22850298654747903
0.3594058392321905
0.2886238216153283
0.22137281174935297
0.3188387766824705
0.25672527853282745
0.21703284112917698
0.2918138625872575
0.3532339825090446
0.22204178141265019
0.3145473323141551
0.3431110987477921
0.21796114075126083
0.29927539671219616
0.35791333059322483
0.23247209792796242
0.3107944969901921
0.36563895774315924
0.2234042370848658
0.2887695265871181
0.256119146300658
0.2156202987864564
0.25801290809191013
0.26339645511530385
0.2157489018259514
0.2606093520761592
0.29526854263900426
0.21923532847558735
0.3606642505163906
0.3110568454953424
0.24516564808107721
0.27924839976781657
0.2656218629297553
0.22324213677267957
0.32080435409567787
0.3070874472268861
0.21347212067578158
0.33042878484038296
0.30557107773839
0.21097408446578314
0.45252446254843726
0.35469570908653836
0.28925877309873194
0.28954215630278446
0.2611485867922807
0.22604830344868287
0.2681503361054136
0.29113819499877114
0.21348820417182124
0.290380563108782
0.28096313904069137
0.22232935081111316
0.3246852022618265
0.2760496534990279
0.22347655352047968
0.2646950800105411
0.26644855832141545
0.21391516935844623
0.28014614876101795
0.27851290443653
0.21440862484014012
0.25450546019377107
0.24899796024046195
0.22216900539672557
0.254178531916471
0.24021152082461228
0.22601119082308851
0.3755210871175353
0.4642849865961657
0.296526897737166
0.2411740986004729
0.31809610524972953
0.22339312604048245
0.3141209995933788
0.3195753491212916
0.21907019865074429
0.30586388485820615
0.297184580873302
0.21691042074530764
0.2520735141611862
0.2531073433114005
0.23031710845409914
0.3090858883792117
0.25238093923844906
0.22430543153457116
0.23921965551148838
0.24171808346492218
0.21664864362209768
0.3576772157134853
0.32703077787877044
0.22672425588698064
0.37050998093444276
0.32330274692169514
0.24312667501444196
0.2558027309347176
0.24045665736776056
0.21378206181808612
0.34618388052325677
0.29521421251880586
0.22218979916905712
0.28766697493619087
0.3070984130496699
0.22393992452682354
0.3825525145509667
0.35627843866709097
0.2268791395879377
0.2914809542710328
0.2639556731306043
0.2201635790274411
0.272256892443103
0.2879444296739829
0.21493567021885773
0.28880389024397024
0.29776605165733516
0.22470922898489332
0.25127553209170816
0.3114018921138493
0.22033126589780494
0.4452641289509003
0.35755244839538713
0.2812896778891123
0.2599374644744483
0.2699455865153304
0.2175642055488468
0.34930531156290545
0.31082858093935695
0.22563000084310214
0.27028809161171463
0.3121822082914183
0.2158420698497575
0.2678036003291666
0.2871021698490561
0.23272424732385844
0.2570807254781954
0.27593009192360796
0.22485766160920706
0.22134601229800221