0.9122808880094775
0.9139443856693903
0.9137253584645881
0.9125463874073831
0.912999992437553
0.9136542345170197
0.9114121649079111
0.9142022055316521
0.9139480915704431
0.9140736162844545
0.9143915058138803
0.9122215749513205
0.9152065600850101
0.9133890364938136
0.9146045151705905
0.9130562465499988
0.9125619157665537
0.9148666362727293
0.9130677953767123
0.9133566681875588
0.9112205948002217
0.9132368947792784
0.915514925016716
0.9136869422970769
0.910957457377776
0.9146402489730993
0.9026220847243152
0.9167538789431071
0.9144996849414082
0.8898275388617802
0.9344183129557995
0.9111887054999874
0.9378819188173576
0.87394772322667
0.908873134656609
0.9303110272839459
0.8810346025581599
0.904435122902868
0.9271540056814497
0.8881850666365152
0.9043735576789989
0.9370949924342727
0.8523836277806001
0.8983704378286393
0.949687517546825
0.8587626665813666
0.8891078677504372
0.9245067780580075
0.8503284992931802
0.8832127844606686
0.844959302121923
0.9245527400950833
0.8813990172854742
0.8903121684104909
0.8757016591381804
0.8785570741204849
0.8317939982857891
0.9310810695889336
0.8729871219092582
0.8959465309842868
0.8567244622333179
0.8695821757617822
0.8587074992002341
0.8682177709544653
0.8672866999326839
0.849861273879344
0.9214144299506984
0.866249142361694
0.9093381130787466
0.8154193756885965
0.8552291690491699
0.8738221461130221
0.855094166019184
0.8540260946010225
0.867192792989475
0.8556636949068824
0.8552549383100465
0.8492492830394089
0.8558817838526352
0.8559182670931926
0.8592499622515302
0.8591088926573535
0.8569878164383562
0.844785565833427
0.8658966013256596
0.8543072282458297
0.8449131927386477
0.8665311914094501
0.8578130208592498
0.8192382686762627
0.8900448873610656
0.850875638590409
0.8617161688036847
0.839696861706859
0.848008890207745
0.8307719568879233
0.8757303778416107
0.8486394084706084
0.8536619795692192
0.848303927110303
0.8485165046148269
0.8147619894114848
0.877577912423926
0.8474753206155818
0.867769857081097
0.8489356079957391
0.8426855157045307
0.7754040983485443
0.9109876109857243
0.8314579260776722
0.8465744720558388
0.8253898258604518
0.8328784779656371
0.8503116301292152
0.8107805855091549
0.8311138168785139
0.8327925319060944
0.826071057335458
0.8296626738284701
0.7734995597297422
0.8772463435952478
0.8226631247746796
0.7473636477201748
0.8929470500489208
0.8083635525563364
0.8085668558432779
0.8183596868066582
0.8062558052582642
0.7730305299335715
0.8404614748383427
0.7993348245120073
0.7906950608858789
0.8245273483323566
0.8001416495250508
0.7897262749815512
0.8052030168772126
0.8048060971008737
0.8293803594779304
0.7897515804246664
0.8024413281755318
0.81467785060069
0.7814505517315606
0.7992350011085838
0.7502615890167521
0.8371633889648156
0.78985015596692
0.7846236291527169
0.8270526278616529
0.7892602298604294
0.8314890722137371
0.7488571298499209
0.7839663324663041
0.8091363045896229
0.7574174677475201
0.7859081335430205
0.7721917721141961
0.8026798468047158
0.7837757537425671
0.8021767793703608
0.7640433093906648
0.7876711261579488
0.7852451318601557
0.7779922021744275
0.7895441695760349
0.6915847333597421
0.867510728420343
0.7706909116938634
0.804704159086341
0.7245974468325618
0.761994773901112
0.8340548278402135
0.7007855215384855
0.7498172870922641
0.7476784830813801
0.7559050243356215
0.752169304463102
0.6978530156333413
0.8016606557926917
0.7397512136211677
0.6852473155341677
0.7951620180684937
0.7353784470986677
0.692625739047459
0.776642122111576
0.724772736365195
0.7438554280661089
0.7120858442040447
0.7223710979440578
0.7191956783414886
0.7436624950928006
0.7206109147139534
0.7144042943460178
0.7384238545765611
0.7212830934000614
0.734934895174522
0.7026037288332021
0.720900265937436
0.7404968969912773
0.707514334674802
0.721207330880125
0.6937576370439814
0.7357984828096271
0.7169596312527553
0.7009527499440398
0.7634690391701924
0.7122711760375735
0.6721580484185619
0.7637282654260529
0.7058902118862778
0.725357280090963
0.6930991242436166
0.7039548657616734
0.6815826796621682
0.7412083923654835
0.7061754770377724
0.7883774151666174
0.6093155960453075
0.6876299454321712
0.7026244912273011
0.6772298432304038
0.6864580528602502
0.6130934027819164
0.7561486783351428
0.6724804974778705
0.7100968399578333
0.6295769775204562
0.6696803332039031
0.642842393198618
0.6935679903769424
0.6654278341520885
0.6795549214369958
0.6265374157692167
0.6663940411506976
0.6714683249279347
0.651369434155758
0.6670025295138058
0.702440856168588
0.6444249986662731
0.6611528395479189
0.6956586772255684
0.6259838554510807
0.6590796723666191
0.6380337096906952
0.6811067495475148
0.6605315608331551
0.6643785594462819
0.6576521798408658
0.6571834542909379
0.704935644377848
0.6376536426065146
0.6489919756148582
0.6835732112616996
0.6393830289323057
0.6458753332689335
0.5922111083138568
0.7080175170104075
0.63915780726585
0.7090011357851413
0.6010291985749763
0.6260821390125213
0.6045058243141204
0.6680076267867024
0.6183660605172447
0.6595805610714999
0.6089405320826973
0.6229124026222947
0.6281614127369135
0.6384868423718169
0.6212363589279606
0.6655791545292654
0.5921258182448629
0.6189799447599581
0.623764283709755
0.6358915038723847
0.6237975212347983
0.6042967492843828
0.6372786330594837
0.6210567207429136
0.6386885569003469
0.6044634711015431
0.6185350811783181
0.5465099366100998
0.6758098042931843
0.6069157451515521
0.6178712661639001
0.5944212842087225
0.6042535834491479
0.6172686219484939
0.6001710143029716
0.6072867525461991
0.6052480793713652
0.620963561521759
0.6037607269122749
0.5491938847393056
0.6558692800380896
0.5946304409993979
0.5789617970632011
0.6021873281607912
0.5972508644810022
0.5781828165790346
0.6272641179947808
0.6031496327791457
0.5671450420422695
0.6472154835329864
0.5920325159194372
0.6261476028391619
0.5896736502727424
0.5929479588470368
0.6118476148931256
0.5914757074107801
0.5944622301150917
0.5145420361423052
0.6679308914307048
0.5795037045064446
0.6139945316816682
0.5525943271374409
0.5730964832087271
0.5297817362885808
0.6222516388309612
0.5572163688952043
0.5502797737674245
0.585735902483616
0.5593992162600685
0.6008169600640602
0.5411839017498852
0.5559828338926236
0.5680042517639732
0.5889096206659179
0.5642667784031442
0.5547616411077881
0.6110385230369695
0.5621025249826128
0.6229002392792252
0.5059093803383987
0.5531489682137986
0.5909862746468137
0.5415821477108638
0.5475563250204988
0.5748734699884206
0.5208863465343638
0.5426468549231739
0.5561104099512548
0.5423814762527374
0.5405350344418338
0.5998592622476365
0.5272337056238812
0.538695511436496
0.5209714804446706
0.594342140389309
0.527631908705902
0.5244753134856182
0.5527424838817735
0.5335402800781768
0.44312843658630763
0.6151288351161881
0.5135023570992234
0.5672353257842955
0.4620148189579856
0.5130304329681337
0.6020143930642002
0.4254374121939374
0.49644994997843106
0.5232980498588375
0.48256625006224174
0.48704785624299796
0.4616077049713627
0.526327016169311
0.48375127042039023
0.5498920229281108
0.4505836061386519
0.48086123659767144
0.5285030050535008
0.445717579800852
0.47782393202444373
0.41284741873709363
0.5148792338151342
0.4628440392428418
0.45324525238610636
0.48401680114775825
0.45230125433422885
0.43247214022021774
0.48399235872777413
0.4496330683507419
0.4846600247585764
0.45282109256174397
0.4562298464076868
0.43788978783334687
0.48944330363836597
0.4588293369922084
0.3068382287639113
0.5807406616767137
0.44179959113051903
0.44569706915711615
0.4375327236167238
0.4327640507377686
0.4282299924274887
0.4946705295105316
0.426072592140308
0.4094930746524714
0.47415002624915803
0.43334611755139596
0.4840850418424575
0.41525372348084877
0.4241984191614221
0.5260958445095874
0.3347964493115505
0.4106846110503839
0.4298867763247717
0.37987158682634725
0.4062914397826404
0.3472603846995904
0.47434798361991726
0.39325696681048605
0.4167557441604244
0.40149241359821786
0.39567923826019147
0.47099007036747464
0.3776223596471675
0.3889541131158467
0.4235950446824477
0.3818081138449262
0.38581106872860127
0.4579358416485647
0.31472504979004945
0.37813204644088305
0.2819957617201494
0.48008905588323414
0.35578203817169385
0.386929883479586
0.32821978107421035
0.3563527430617398
0.3567810158240545
0.4409998941783603
0.3357508617931335
0.4111352739511912
0.3091636760814268
0.3380990436912773
0.43627192975367324
0.32675170796579134
0.3474697345328245
0.2937007313545189
0.4104369098257137
0.32786596069583207
0.43046618480857457
0.3252055978016488
0.3212354529456929
0.3331294411346779
0.3318170218165263
0.32695385657108755
0.3699442288400877
0.36305145562680186
0.3238452680609126
0.29148967567785344
0.42030088211800265
0.3224885842055446
0.37556109672113047
0.3177769763325541
0.3239246745264571
0.33084942403622075
0.3307988216962233
0.3216526648292525
0.3383564374337551
0.33023334065302956
0.2951872382018177
0.3777371900720986
0.2610282455143299
0.3116879741500421
0.32313511474910794
0.36673762236561247
0.3198921158584648
0.38925348178103414
0.3041352181231505
0.2931047578903364
0.31524955888685857
0.38047827489977537
0.31823433720118366
0.31531948734754367
0.33878526236585205
0.3095399687685394
0.31257626685026807
0.3334801572228161
0.31467235646981295
0.3537414485086834
0.3015054317458723
0.2893396400764733
0.3295186386565354
0.3093720321798057
0.3068527107370709
0.34660105832591015
0.29176891016856243
0.3037271008936374
0.38464932377495065
0.2626657770209423
0.29439968651817294
0.3079517156895031
0.29034277447260814
0.29953678815333884
0.31521128099586726
0.3105580888222347
0.3001870030063378
0.25710781112316783
0.39876129685014317
0.2967493825027473
0.3272096185544454
0.3498960356423655
0.3158746444495957
0.33202381594936525
0.35601454489322726
0.28779342086903137
0.29852246914116365
0.411262340405394
0.2983288804857652
0.3388955586809713
0.3050270969872061
0.31064786434931235
0.4484761200006082
0.29897183501802493
0.3097382053740726
0.2852917444114871
0.3493693217319145
0.2960752089484837
0.28035914725742717
0.33612170394605057
0.3021755922963617
0.352719761605471
0.4137414190237785
0.30081524170480567
0.2752876109737842
0.31746923593785603
0.3021797550083646
0.3186578089944416
0.4274805584874073
0.28990687630019607
0.31239625575575125
0.3205306247550992
0.2957862455000113
0.2583868326052914
0.32143830770113624
0.3009779127332194
0.41403182389662074
0.32014777196182853
0.27862137977928525
0.34617244046407514
0.3520723374296656
0.3000076628734435
0.3065024154832767
0.2700073403118993
0.292404839854321
0.309555082202555
0.28954415411581413
0.2734021447213836
0.3039054342375649
0.35251621801961
0.2737909248193776
0.3092083038681376
0.35340321825194
0.27801293633196067
0.282700902191247
0.3113939153622386
0.27823576228043834
0.29043359736894914
0.2791426510941234
0.27193960261729966
0.3401813540743224
0.38184855091515824
0.2827382529339171
0.3133730997018749
0.3379250176189358
0.2801489095422086
0.2427816708373437
0.32353026118342354
0.27413459092485837
0.27738778929613095
0.37285822603449914
0.28195726484913664
0.3799270759059594
0.2957497901386359
0.2736885274030785
0.35484497197219256
0.35804285544476
0.270350170234283
0.318851617483914
0.2896915954997471
0.26964115639969755
0.3665811284212579
0.34597434212549594
0.27438469063193904
0.27629082232139746
0.2833913121331698
0.25412665044871574
0.32036681512691645
0.4202503974139129
0.22746644419875262
0.350304630044341
0.34045088373941557
0.27462696764543815
0.33767698916533495
0.24050922985692946
0.25538095804341887
0.24587701158075959
0.30754757752586426
0.2737903431333705
0.30331299339487516
0.2719811481516601
0.25866901581873913
0.3201156775151144
0.2329035823723722
0.2637332782431332
0.27748542375355856
0.27238887804385503
0.27679140610269626
0.34593473641386063
0.29608477646562636
0.26666331521517705
0.2822175229040783
0.29566920191969437
0.25741999919675507
0.2812885673026232
0.30183337324792703
0.2657315510064391
0.2966008077723461
0.3643606626998547
0.2660953800593936
0.2877589190423787
0.35210649718177556
0.2669090539066443
0.2968980115828773
0.28734811707557284
0.27235651199848543
0.30435180414619245
0.2858714107280931
0.26126367952755913
0.271967132102077
0.2802076668537833
0.2744718728338271
0.25382852939776246
0.3152460785938216
0.27043340416959627
0.31986282497745
0.38328927525522805
0.25588739000739524
0.2956709848763678
0.26201792475857766
0.2582008027025108
0.26971503060044044
0.3069742653054569
0.26240022115445794
0.34417886452623336
0.31576033635029366
0.27479656326821056
0.3133239990496399
0.335767741349697
0.25630942365865317
0.34643955608100374
0.3046343749646443
0.2538766962392137
0.27323660144635487
0.27045080223944284
0.26322129424822294
0.29950198999122213
0.3390767487827535
0.27328766830451146
0.32864605873492847
0.2806388294300518
0.24231828806293076
0.2996851022742948
0.27303239537971924
0.27385890155667614
0.3166829597333669
0.26668887114917084
0.27027039670240127
0.29035412665096405
0.29303545329313063
0.2539290047196556
0.28987622546142533
0.30125411963935145
0.26458599111477155
0.3003892332840514
0.33861650266563315
0.27523913965197433
0.2896053917856102
0.27377635895925734
0.2666759311090615
0.2953404259370468
0.26314909243090656
0.26448608951029073
0.29303681325795183
0.2540665260488324
0.27523613542899883
0.3108611701934595
0.27495689501159626
0.25732139986976477
0.2892839761921052
0.3082850754547367
0.2682062870905285
0.29378790320183135
0.2803749471096356
0.2620526739341813
0.2672137068998508
0.28997625907650615
0.25971288036614903
0.2620935557757085