
 SPSA MINIMIZATION 
a, c = 0.5, 0.3
shots = 50000
{   'fun': 0.14627312970752404,
    'jac': None,
    'nfev': 541,
    'nit': 180,
    'njev': None,
    'x': array([-0.36189994,  0.76398344,  1.52807629,  6.21567545,  4.27229344,
       -0.12930009,  1.97488978,  5.58306727,  4.97846342])}
 

 Best x Found (Tracked by Callback): [-0.36189994  0.76398344  1.52807629  6.21567545  4.27229344 -0.12930009
  1.97488978  5.58306727  4.97846342]
Lowest Cost Found (Tracked by Callback): 0.1264901024495918
 
 
 
0.9753259351226161
0.9736826147478825
0.971711016504727
0.9797598323624899
0.9702757871704168
0.978227302603927
0.975216309871357
0.9742150788692799
0.9737164994391296
0.9781163636562619
0.9782656887180815
0.9758218906636589
0.972534181206997
0.976646754730843
0.9773460232773115
0.9786797001208138
0.9715065825417253
0.9763593632492101
0.9777132752769881
0.9725729248651135
0.9727928371374691
0.9749365389383192
0.9741922306998531
0.9734270853597546
0.9757901741054774
0.9796095348159587
0.906582219428786
0.9822232277531846
0.9576652877207236
0.9361262809412924
0.9601139252253867
0.9643009734649799
0.9835258768044292
0.9001481538182372
0.945558506459807
0.9708764993933704
0.9179653254729551
0.9416150512428919
0.8069110493950731
0.9986047275879901
0.8739041790827222
0.9175257083670152
0.8333750410743828
0.8643830336773077
0.8973836980308784
0.9096993291229902
0.868425462742508
0.9836503401590222
0.5249662429700674
0.6767218753055315
0.8038670216652726
0.8298839440249877
0.6805532868274421
0.6361323472232959
0.8628903062255746
0.6446580964343721
0.7932365783960535
0.5622674034142564
0.5686717082675661
0.7183981823758411
0.6274598774089495
0.5432511709873771
0.6932935667551555
0.4182797727116616
0.4780036470155583
0.6644298487379061
0.5196208350502804
0.4114160755608308
0.6787312657402989
0.5285331042811008
0.347180844114513
0.7048553700553677
0.509851403465277
0.3570736749369612
0.37097407958160267
0.8832001872534275
0.31719924993209014
0.4316190002269801
0.309489124818784
0.28783621427558137
0.37340286177440307
0.6171627571445504
0.3228528875139429
0.5239746945405996
0.2868721278080246
0.24982750204077664
0.4878943696979742
0.7269860913600383
0.3435757062039596
0.6953545252412958
0.34290343729214656
0.2840226898159235
0.29054133463595744
0.567371516239294
0.23949192772481165
0.5323159235886676
0.7065124983225992
0.3765523973285083
0.4789290908545297
0.5789048478706093
0.27129065712592604
0.4062336311748802
0.5449727752936928
0.2224223812524937
0.8303838132205665
0.5534899866709707
0.3618629621308236
0.2861546188275875
0.28226016898110673
0.2040144490348128
0.3138642771942318
0.31920599998548893
0.21647127246836984
0.3921609975650122
0.4877594997141842
0.19536822462757353
0.3149616821942265
0.5010281054714419
0.21292940647867908
0.3485712818818194
0.7252262583023024
0.28624759042867054
0.29981263548308446
0.35155555961730145
0.21244979122341956
0.4237866502073562
0.33907164889600094
0.16839793298350125
0.6399178103097252
0.3655341561758184
0.25124845730987977
0.31441348834771377
0.5372418068727631
0.21117011865352853
0.5299125021790465
0.8410953907618771
0.37111706540661527
0.47482703984811236
0.4435733880759991
0.16861320030012295
0.5466580372760119
0.7485754559222272
0.35685710341990295
0.5490408772635937
0.5856159397086051
0.19730277600292379
0.265057870169204
0.2682857736207843
0.17028487687935423
0.4895620769516952
0.2813338425901679
0.18334169016137747
0.45604758879998575
0.3438829605803204
0.22428190674355042
0.3143512878951862
0.719391897091012
0.23019268938277426
0.34425772371027186
0.19823801931822216
0.1637279332002438
0.27059957556498004
0.3662964637391749
0.16508585712773194
0.28904960764512844
0.2795009135570269
0.17424909072530292
0.39453326721280735
0.5343498265080064
0.18517399783762145
0.4725672660345558
0.357462158684548
0.1925203880714368
0.3842627168096383
0.40717944974181053
0.19093454280257782
0.3034800442003788
0.2443982222247043
0.1669435952466517
0.2754438252792958
0.41432033023404946
0.1923353827501041
0.2024772011772964
0.47020768349772646
0.18504304088883516
0.8652109492458853
0.42221904568700275
0.29716503641127434
0.5191036706493981
0.4071597171071082
0.21795811275000299
0.2705521334759696
0.2899725268168838
0.18170883893177847
0.579773328094864
0.3633001448841243
0.24502875013546144
0.3459560833568328
0.25167266872454297
0.17638191231486333
0.3167963102623219
0.3701256187185695
0.1982896944518897
0.5679712886346451
0.39775095286446793
0.2317652090388821
0.3918872145077341
0.2135082250596445
0.1813789651810147
0.5306461566734941
0.5541387072500485
0.18946202269329704
0.8387564607665662
0.46349891877467253
0.32254363055783375
0.3431663845266991
0.2959894293430364
0.1803980686307306
0.476757885072538
0.77539993044686
0.3261166190283117
0.2537584010476899
0.32993086744286504
0.16341197919343187
0.33915711870188103
0.2650489895639847
0.1686091250320424
0.2289019712871878
0.2103522064060901
0.16518274280767453
0.24837625874548852
0.30222813948977256
0.16744855920759139
0.19504155333550177
0.2491447724549618
0.16575063093186104
0.3634328208449349
0.21377609590638447
0.14687244429731894
0.32029265937673723
0.3541479014681943
0.16300122476077938
0.44175425389612033
0.3458117002389478
0.18210714991174792
0.2495731566103867
0.5428197810414332
0.20713566646936588
0.5444713187022012
0.37619542453356125
0.22638626672049822
0.4050679626455468
0.42785671283529725
0.13983591095845171
0.3277453627070742
0.3120657812291546
0.145185781414907
0.5776919346066414
0.45710988115379325
0.23112192635263074
0.2216782908311007
0.262967031143863
0.14216703554022758
0.4686144139166972
0.5384326581780223
0.18571040544587214
0.46152752810811737
0.4251740379087414
0.15598916144627872
0.37551911485574885
0.5215302703618461
0.2074615661704574
0.5592326580771855
0.3446930160806242
0.2580836866772477
0.2594989571647681
0.35761825563454175
0.15746283730735933
0.4222836836299597
0.3492069679591834
0.17168746773958887
0.32823008342300386
0.552638012549051
0.2219955024728808
0.2619396352497897
0.2527509651558558
0.14690929484968285
0.39277257144511335
0.3826099421182614
0.1437257941790635
0.22189397048899973
0.19187176019374885
0.1537377754250524
0.4836033998804632
0.3394340616637468
0.19512825340471918
0.43324478352058104
0.30138762276078523
0.18762755216784666
0.6817879526744767
0.5198452901557427
0.2826188646079807
0.3531105993800836
0.34457950711196783
0.1264901024495918
0.2845812890279966
0.34360379699166754
0.15199991845368577
0.8772746549462966
0.4741717051706221
0.3392081947134079
0.5871913006182612
0.3487846920413168
0.24393049711283243
0.33321522935090997
0.21429827698430104
0.15214139500945145
0.48842988009861954
0.3357112926116975
0.20155910095456986
0.41972311908501003
0.833385295863101
0.29026877532736184
0.6816496704228225
0.5263634494367765
0.294609842161893
0.527566861474575
0.4319138208781397
0.20288188998313395
0.2707846776396532
0.5685190241583504
0.21414260383825134
0.9058406106953205
0.5012233674634734
0.33454664870583806
0.3368838438631855
0.47382188812608494
0.1966685747238539
0.21264817756120502
0.2739275184412052
0.1433746196738087
0.3372585212217283
0.4889534358266786
0.21160848783547193
0.31011604423741146
0.5011426943382291
0.22106336286632278
0.3380086548790723
0.2771011862375852
0.16078915832068486
0.5326412457652396
0.9945587093704003
0.36012494038529397
0.3691962083542376
0.4465612952928226
0.17296520064205456
0.8325283800431643
0.4322262763905922
0.30508994717092197
0.3517586051793843
0.6586529283189317
0.2541168911741897
0.47199417362363305
0.39661151582215115
0.17969658665978538
0.35186015620401756
0.5744215996523397
0.2447577915251793
0.43048529172858585
0.35238334247031367
0.1715894140250348
0.420301262979227
0.2881843488989816
0.19333222092592028
0.5356837381465047
0.6461754703779934
0.2390115838336203
0.38113716858802216
0.39697394870263925
0.14451050282700817
0.5416980768441082
0.3001910154522106
0.23720956996164366
0.30269240020255295
0.2615697063986051
0.14744074222866188
0.27328695107390033
0.36113845649767096
0.15261302038157043
0.7238809686193859
0.28437134527107066
0.23265452830326816
0.46626933299253603
0.3226229654912014
0.1888801393244942
0.4505339772977289
0.3319589214819655
0.17278532730127583
0.3312301108576362
0.28912821237824227
0.13530571240574307
0.3464576387267627
0.5483113642198513
0.25994821323797834
0.15893652486054166
0.19402482138985944
0.1447302433921982
0.3433559168682311
0.2774471282580161
0.1446730195555067
0.4412890277507787
0.3743144122244356
0.16417431358661871
0.6158663895539358
0.6410278895028749
0.1461838183598243
0.6413873566874284
0.5269133243330284
0.24051164830508487
0.4241277534828166
0.32337380320864395
0.1758361706875443
0.400788787810038
0.3124482751357678
0.18702522848114678
0.5363347542951434
0.31885361025728465
0.24114408777466467
0.5573867339878225
0.3444923262853826
0.2394794919186518
0.7525545571328158
0.29614222698773096
0.22932877476632296
0.5074791341716869
0.902629357833408
0.3428071983138312
0.610536966011163
0.30369041628369176
0.2309478753864015
0.3892249740539656
0.2947653310156807
0.1810309701205267
0.8725219542826257
0.4704588731802264
0.32948771699097523
0.6862364375462796
0.6107416628093654
0.2082603817120614
0.3588705064733715
0.2794098686370169
0.14109466276029603
0.2960581230739949
0.7406171636204905
0.23106692173609267
0.3498846446309648
0.7501245086828909
0.25602249038781755
0.5411444901445717
0.36446285315527616
0.23060523021384327
0.33164922703976263
0.5198096296399723
0.22035363020632293
0.33147287767626166
0.19087542456955742
0.15866611778184714
0.3598737605187958
0.47723786502652676
0.19411565040595236
0.47982693008531896
0.5400878279310422
0.17815070758681784
0.3697190368122758
0.4422732755116173
0.16911175466345008
0.6402926041805079
0.6052601624953726
0.16627770987287938
0.21871626016745704
0.19069550850793926
0.1397831332476549
0.3568847095972284
0.24510621240938413
0.18017605781934465
0.23558613953013074
0.2007398098460702
0.13627693453222745
0.48479549010584455
0.5396698596310266
0.1735637797812647
0.9960610333973292
0.4769954152015361
0.34042247439742257
0.4304810990521867
0.4919997507677907
0.15557007686784896
0.5373599037418234
0.40161087376011073
0.19929693981495789
0.38545457591763055
0.2862229885366967
0.17939208898736347
0.5242894725208216
0.34935786167308713
0.20748511179175866
0.25887296050911424
0.30854898023443433
0.1391068361058695
0.3728275144340373
0.5230023994646682
0.21813544024263964
0.8450743741155797
0.36640731635335844
0.27603937809493084
0.34758219195816453
0.5475216238977959
0.24353981660876012
0.5702549164689557
0.34710168299728217
0.24201811471057844
0.389132856729705
0.514116250383817
0.2134362676213687
0.43652539872509966
0.35932795112426785
0.1735545982680473
0.4763069514056586
0.5152531010481216
0.15253146566568165
0.4418450072783715
0.8345649260484486
0.3107468974212796
0.2790228974821004
0.3009401883497349
0.15105015232077446
0.44744408881918507
0.9957711543655704
0.32180358181176794
0.23353611087315285
0.30227625520934664
0.1571040893997363
0.4795839647986436
0.4191663971246893
0.15431844164199082
0.7325622195027695
0.2860905023227004
0.22858332021172056
0.3400903523180573
0.5571649677030202
0.2306797800374426
0.28447379116064275
0.7122383413832245
0.22452459680192116
0.40050942604620476
0.3124337826915945
0.16180962513413877
0.3598842687552388
0.24472481866935036
0.18306860471408504
0.6658211579891145
0.43360598226783476
0.2977225719409783
0.329500876028588
0.4991146668045289
0.20195938377737332
0.14627312970752404