
 SPSA MINIMIZATION 
a, c = 0.35, 0.2
shots = 50000
{   'fun': 0.0903308474831428,
    'jac': None,
    'nfev': 541,
    'nit': 180,
    'njev': None,
    'x': array([5.27589079, 0.11811994, 0.837655  , 1.24669706, 4.97595534,
       1.85350047, 2.57523253, 4.71202615, 3.61422583])}
 

 Best x Found (Tracked by Callback): [5.27589079 0.11811994 0.837655   1.24669706 4.97595534 1.85350047
 2.57523253 4.71202615 3.61422583]
Lowest Cost Found (Tracked by Callback): 0.06347147818699106
 
 
 
0.6548555657675168
0.6505557214884119
0.6552455749459946
0.6490558307610401
0.6527952260991154
0.6493433728101448
0.6565177482153437
0.6533335594454631
0.6523575426615366
0.6486220105889442
0.6570440677525204
0.6510163015242494
0.6479343279226805
0.6501138284487685
0.6450060294949862
0.6497437717962077
0.6528314884623605
0.6519999893820132
0.6480444512887062
0.6536668138525321
0.647787858252749
0.6506390836578166
0.6478988970953494
0.6515260297695131
0.6535868145410957
0.6516541172523148
0.61111260020408
0.7456168795520566
0.6241813763575405
0.6913175479128459
0.5630637305891365
0.5854000578841794
0.7071988628760724
0.5753274787859562
0.5643977668483539
0.5816404125500587
0.5902053784793042
0.5622595824808523
0.5475822973919175
0.5863204338443897
0.5610725027084036
0.49989490535825487
0.6583566256246356
0.5239410212399598
0.5834257913284003
0.47045206600753886
0.49518286659919
0.5470924638355225
0.48556673293017183
0.4934453482021416
0.41045615035173233
0.6322660690673224
0.43696920785434623
0.41376038872971543
0.506518920642937
0.42846511922980135
0.5084716891685246
0.401388268834456
0.40487589873473717
0.45255726709482635
0.4489316234769455
0.4013369079351109
0.29852445495464175
0.5925640997764166
0.3264965457586272
0.39718083681672034
0.3043913311652843
0.3029054746748304
0.38999324882966824
0.3740258935023226
0.3046109538908415
0.3676138987058363
0.27532116205855484
0.2957384084303857
0.3936700804188411
0.39783608679971394
0.2964214520371702
0.40023348511544676
0.32805353807322557
0.29014073256743944
0.26664283205930994
0.39971552851772696
0.2675965605244861
0.3642564062726591
0.2442459837144183
0.2509122123291776
0.248930933471457
0.23233937322104936
0.24769783613400975
0.27885657751944326
0.25868022142093106
0.23843262977638058
0.299070780040402
0.3702373905194397
0.2362828989100899
0.23009961183384497
0.3145954280616673
0.22695324301226805
0.25064452748323185
0.23686917750463088
0.22851979049512083
0.335403714900834
0.3221755410329399
0.22768800994084415
0.25867196922414926
0.24026464971022665
0.2328245294209783
0.29626262447932095
0.2598492449812364
0.22382001379262662
0.29342863714667455
0.3586010169933457
0.23136376902023348
0.3025579059093647
0.3853679267267204
0.2282294269307128
0.3567358541065615
0.3173568687456292
0.23442576616438526
0.3036290716034016
0.22147211538792677
0.21029729592947755
0.30690557115116524
0.43280177998608893
0.2563252069894272
0.2999871894770183
0.4254553902659962
0.24309426084115393
0.2928043146248305
0.279082909745466
0.21364997935862862
0.30920851769217783
0.32004270471920127
0.21664544796990093
0.3013945311826759
0.2566579210548491
0.21155836471832645
0.2418699213963097
0.26859450719486333
0.20116877291320723
0.2429863114685079
0.26580961616294707
0.22198858015649658
0.27871667874825967
0.2578037374399792
0.21846448874749236
0.4228401244509352
0.35055728737505265
0.23389266666420327
0.21620001799008792
0.27169108943755693
0.20922923987066078
0.29414503290460403
0.2886743445344613
0.21528038161219343
0.3192656981841496
0.3609249018818559
0.2151428492438201
0.22926524899602696
0.21960614310070947
0.21147153075533942
0.27561288948137297
0.2710291974019068
0.22186405285658128
0.25105911504983325
0.22729126485610052
0.20967094086032412
0.24303409194363423
0.2897180162004067
0.21238693777958506
0.28123347398756016
0.31644900967153256
0.22086648790476182
0.2710005986427442
0.2936410646697363
0.20954233425470026
0.2940891479559037
0.34598894155809645
0.21797276016384504
0.30748819536112193
0.36877063501002827
0.22611163848357263
0.2392093951179548
0.2861777438079576
0.20569788785591547
0.24142487867899387
0.29528939433233214
0.21297070245895566
0.2059162838745887
0.2877728865332556
0.19695637797707932
0.25631644063716374
0.2694155898856132
0.20380674342190985
0.3190466713400578
0.3650462530775287
0.21942654547446316
0.26122138763358904
0.2699984903768752
0.20582432083520463
0.21759355562133342
0.2662948066586195
0.19875218525835836
0.2156277812579288
0.19841673495096712
0.1954324370334971
0.4260577613136459
0.2746664743159718
0.22019873501622533
0.3190478594930607
0.29919229400858727
0.20617163244083536
0.20225605941297076
0.2910966445853418
0.18644773295181238
0.49163575504190515
0.35731427952397676
0.2611343586033157
0.2811398833390013
0.1924426071816019
0.17106694787035504
0.13734388715121026
0.2409049655313159
0.1577720350390659
0.3091723797363971
0.21423434650438866
0.1635086636707801
0.3365977114776191
0.264506692047652
0.16925808782168017
0.24318604260374277
0.26401834488103615
0.16256915439139408
0.2608423546187828
0.29218940648126235
0.16425805455137288
0.3706677316768944
0.30952726161841726
0.1787038111987408
0.2958900664152456
0.3380220179507434
0.15489490576484943
0.2849027683823202
0.2524844563565086
0.1630529446257738
0.1915224309115059
0.18282112230773073
0.14711088952627782
0.22270418482041532
0.19236569693305638
0.15662851038437664
0.28681911863206044
0.24840049813465714
0.14476353679780052
0.20011751233667097
0.26997669467422114
0.12594086720433317
0.331596363459416
0.19459770172013102
0.14576727901070086
0.2816813284191678
0.25848924874791324
0.14596588378487407
0.268142003612421
0.36032644268069824
0.1273777474402733
0.437536999107652
0.2716328845490842
0.19228161249700337
0.32967024722462046
0.23031019949897535
0.15045731600260126
0.3507010161161792
0.4994474707338511
0.22456892774691484
0.26176191532777304
0.2016570149391228
0.15219477754380972
0.24805083066327993
0.3279081743879817
0.16090446604844788
0.2699103540176133
0.3699870477041056
0.16214684222508924
0.4481197750104944
0.24871518291536654
0.1887416972828122
0.40791810755907165
0.2310962062988754
0.19605196327675511
0.6882999807988996
0.2717334977352228
0.1856347158219639
0.22402823164967345
0.3637496215016647
0.17142276155472735
0.20748000578663328
0.2500039494067944
0.15624416966400578
0.3670581104317452
0.331494303003507
0.16222918680243836
0.22555411005965664
0.3357651042761972
0.15786281432803828
0.26913559160154843
0.6823148811476414
0.1826281617976171
0.29232573204041945
0.48476826501965187
0.2199211462000853
0.245869939320132
0.24460331434288418
0.12904608029135278
0.23381492595000986
0.23636768482272696
0.13298149404031157
0.5957762913729335
0.25752693996249487
0.19338053212830952
0.25855800952400065
0.3608478232036374
0.1577286949861869
0.2655442382247625
0.5386242618265757
0.20080594784059902
0.19886903519257004
0.19670873919677634
0.14788201905524967
0.309817318565175
0.19691419208455774
0.1641933994546514
0.4713838046118831
0.1902709906307094
0.13739910986676973
0.22478125432827734
0.22243828347752037
0.1277284104807146
0.14176004745907855
0.2645978444562722
0.13084207363162825
0.21639150057482437
0.30538780813828525
0.09682276576420112
0.14558756228693115
0.14584235483531383
0.10686014204253447
0.20644335417470538
0.33740115513910174
0.15961393364050658
0.5252589621974222
0.23533421994366188
0.16975936670034875
0.4552747182377582
0.24872011037634223
0.1806830914261609
0.3326258390485287
0.2314923841080283
0.11788769147221478
0.24376172180446276
0.39028637368952823
0.16171407939966498
0.3877235690715941
0.22439697886810794
0.16165700756975188
0.2595675374405687
0.21871932452735487
0.12089569652971555
0.22611496836354184
0.18737379911875063
0.11498591188158191
0.176668817126293
0.09057372346171721
0.08304339618834178
0.2750378179915005
0.18365415467008794
0.10459706639135002
0.18220346905825413
0.25078856202503874
0.12435424693145747
0.2548755348940035
0.6835575965700089
0.17228231035908748
0.31895612293626074
0.18806855483290907
0.12677320867968833
0.2985946919590653
0.29806891003811176
0.11122603348833082
0.7722959397788141
0.3042746898557076
0.19666497649127657
0.23662962840338952
0.3787881069510135
0.15229312136128725
0.2456910903540107
0.14952622655393444
0.09402529577435503
0.3506239981985336
0.26966394642539016
0.1674003404379929
0.16826540755765051
0.33408479605942354
0.11781478244620613
0.17489311601085533
0.2805077419680023
0.10616724359311025
0.32724676710968204
0.25798415250729634
0.0987193439929146
0.15777194811862816
0.21728951549654452
0.09194403829153663
0.14529882903122326
0.22871956353081535
0.07745754754801126
0.21880847020408178
0.12327904410474566
0.07986051376671055
0.3139375080270784
0.38346541791011324
0.10670992071341368
0.194696451374603
0.35185293026800546
0.15391833106269404
0.32102459518741255
0.25900806572617563
0.11589454278141775
0.303646237401198
0.602130208185133
0.18295173909423157
0.23612009915588383
0.27164459934792184
0.08716824839772108
0.22655444676919945
0.17729054799844557
0.08425991112123987
0.20438738294714343
0.19538375406371933
0.08419307560941247
0.49300077650038
0.324526223037808
0.19456738928927653
0.2006561770364066
0.2229150683069232
0.09170668378762681
0.22834027409426783
0.1625269495838919
0.10035605422279414
0.19019629702026097
0.22052897147976702
0.09081542476911031
0.20259241471018463
0.25253924111659753
0.07567964221738677
0.3036214276226429
0.2675454958364878
0.10516410799215559
0.20990847202774277
0.5199063579909919
0.1570135026102617
0.21792390293997177
0.2236937404807361
0.09648404018627643
0.5693466555645734
0.26696939484404747
0.18482139215292714
0.17976831282621042
0.29059297472407997
0.10592083419847331
0.3010043439208617
0.2540217582612725
0.11171432256785307
0.2806485216027488
0.24939726391051964
0.0858401955485738
0.2724131343765961
0.6220353549868838
0.16428973080534004
0.25973946143381754
0.4234393410861703
0.19079446927348165
0.2583451458975019
0.5466640023096421
0.18148979233334184
0.555799385154852
0.2714046935144664
0.1678049023881627
0.370323483339297
0.24801131516786845
0.14742233319432907
0.27641488149904414
0.1653863019984103
0.12619814950314434
0.5536804447253051
0.2420932220819263
0.1658614419791613
0.3217153267715467
0.22601168695841112
0.12145261371848637
0.26807449551462925
0.19167547632149684
0.11818048251765334
0.15565464256054473
0.06644481430411464
0.07347376659769222
0.34181360530040394
0.5421082102673079
0.1871099547719125
0.4263311968757968
0.2641500626813108
0.16574185484237602
0.1395044499743726
0.14996761608928677
0.08096233549151244
0.17937124150750416
0.13424098086332203
0.1029539613149344
0.2059347125239548
0.24930533774478003
0.0743192095741051
0.21844773469445
0.5047924595697675
0.16646594120496672
0.3272508399719254
0.6256784711748207
0.20714705608231088
0.2677163710355963
0.24184105242212772
0.1066648980032261
0.5157696594041523
0.2017838186820754
0.14218108209493618
0.12154819801693562
0.14225991425098605
0.09584868485800135
0.3217614693921913
0.3258244863972589
0.09033539005068802
0.26698898614632494
0.48978168187028204
0.1902086896052939
0.2204431635861578
0.29038936931860315
0.10663988593209994
0.23544500276422897
0.23546563323393177
0.09837516417261216
0.23235552789228942
0.26205859994454206
0.08202904930249122
0.32296451366907797
0.30492247167910946
0.09253272842908644
0.3943426747689508
0.2838744717438022
0.1777401495431974
0.154083130967974
0.11883954320419166
0.06347147818699106
0.20419076567757144
0.1532119294777443
0.0778780604475049
0.36002532004328314
0.2626281881117214
0.11273306204543854
0.0903308474831428