SPSA MINIMIZATION
a, c = 0.35, Initially 0.25 (k) (normal decay)
shots = 50000
Best tracked params: [4.67853573 3.06313492 0.53061389 1.60494321 0.79524018 4.58428616
 5.3485228  2.87459631 1.8648352 ]
Lowest tracked cost: 0.041812858386089946
0.9805783360433988
0.980585646554166
0.9811865704054032
0.9787775866225031
0.9813360744584012
0.9793119112698037
0.980826427922273
0.9779970168399058
0.9802826988535843
0.978856134964919
0.9806524093326213
0.9778460437191955
0.9807386043155416
0.9786945121160706
0.979804305683447
0.9801771304577144
0.9797108006737748
0.9814106995180493
0.9814057362887446
0.9787721950706807
0.9789172250174004
0.9809894843965613
0.9796784826561672
0.9799968053861955
0.9808154084789195
0.9797965764378096
0.9051081024428711
0.9986445608047814
0.9645764359736088
0.9652812364894551
0.9815713262454282
0.9637800618610417
0.9752897780861747
0.9891547701062208
0.9652155015124101
0.8881616992530674
0.9973129646834699
0.9432927913078134
0.8067063925290738
0.9891402192744773
0.894852244882686
0.7505409008564252
0.9848234746385374
0.8249539392683203
0.8130357382449322
0.9035798824220922
0.8112714793669491
0.8490225533822798
0.7876184386662639
0.802829145809082
0.6554553989214424
0.9718624212371404
0.7127028901315602
0.755394953112482
0.689108322136589
0.7063176645951534
0.7327252460362451
0.7276005296051865
0.7073893547143781
0.8650836151827093
0.5613628252496188
0.627645740595011
0.793487277730148
0.5148343522504546
0.5568466306993061
0.6121819274068485
0.7579629930166285
0.5519096441439331
0.5173965602521275
0.7043879413665338
0.5158664819392411
0.6300718475454025
0.5622801535923129
0.509638496777921
0.6111762755676237
0.554989490229459
0.5111106051789776
0.6232855506918611
0.5989846739247983
0.5120167990188524
0.6465985433865984
0.48139973746271625
0.47687631729092594
0.5958180324260626
0.5080578325253805
0.47169034261364307
0.5840953850992939
0.5417425522908015
0.46822319966034576
0.468824864073201
0.5280206043900681
0.45641123819804474
0.7425925782086814
0.4992033403456212
0.4341636386460288
0.47378255019341564
0.5542708298860699
0.4382003569794344
0.52946315888005
0.4004243116600492
0.41302054791042486
0.5274508557321875
0.5125865724530279
0.42102074995800454
0.5044497926969338
0.586191564791436
0.3940255578715385
0.3905749669122418
0.5415563292114531
0.3863639456504593
0.5253980860590806
0.45998003303507584
0.3889119986800227
0.4005029306564317
0.4749239929277165
0.3768571069724984
0.5566355901034881
0.3737780889481982
0.3389542920164108
0.45974335089063234
0.42551883034249915
0.3307507664690955
0.6109836967338103
0.42767962354328604
0.3520097245992848
0.5592803905510884
0.5051111544601556
0.3211788852654942
0.37692730415066755
0.3989067610720537
0.31927811623751445
0.33144845098651265
0.44050172528901677
0.2987712787299742
0.5126865483831083
0.3973868439308662
0.3029085801851471
0.20894178392438567
0.3940784430930697
0.24336278929952782
0.23502191134038664
0.45792861736874757
0.1994143476288388
0.27716945004914384
0.2414038341240935
0.19276222488871686
0.5654562708379384
0.37748009831411333
0.2680185945600142
0.34666268214548124
0.17656582328144244
0.18880583940182538
0.6120311741432299
0.3911601701419861
0.26325185967928477
0.5096218375871457
0.5740396145022747
0.20265726295561481
0.3526448144611777
0.35461288108632716
0.18010568317963183
0.23943703992433885
0.3668716196096027
0.20416579521022482
0.25112330974893826
0.5689683647905002
0.21529246146264436
0.40157160493565913
0.29725252732019103
0.20346049713313963
0.31279779145539455
0.4202025798020024
0.14664747181052873
0.5459493978743852
0.5772843079934786
0.1739206194274988
0.29506222786478864
0.21921716872935915
0.15575219223360037
0.399360166244045
0.505772154533413
0.1991367602111498
0.5770246441196878
0.25336553946080587
0.19199210696380054
0.26460214758754874
0.46691033220311884
0.21647225705113182
0.3856102257439239
0.35339279715042904
0.17954302556262391
0.26140282304114926
0.5067810294707609
0.196681122420024
0.25200489403822535
0.1699555030148766
0.15161250099527468
0.5396578254113262
0.3362352311918292
0.25596090374953306
0.2810311972614089
0.3145144134741752
0.16799832453367314
0.20663685862826253
0.32033304272795193
0.19013425737940337
0.5866061969798232
0.3274533058582352
0.22346088291470645
0.37862015490266965
0.363814386013547
0.1440701618946021
0.4147203823580389
0.7364697048569089
0.2837692325004171
0.27669504545576085
0.14720413475895122
0.1307963393827306
0.4927610694228002
0.2402537995302042
0.1717483425903057
0.5316313329209428
0.6833068203839838
0.28970750404116974
0.2569800022879406
0.21039179671213148
0.1230983494209954
0.21909255598542066
0.5159269860303817
0.1673425351466571
0.39261051590295826
0.7888644649807077
0.2526207558171636
0.3068455882417038
0.2743695752551095
0.1247647587206292
0.8352117488435659
0.4345988153159783
0.2479811426606222
0.3824578031207275
0.8049418832093405
0.22411491639120829
0.25510262613999624
0.7970526512429945
0.15998786287710975
0.16380459665440184
0.20413593858281498
0.12422691207058145
0.600258262555966
0.44985988961726175
0.21656799373313607
0.765628065433709
0.30593968640699654
0.20560442628254505
0.27147702437888865
0.47832802466199176
0.16986245684497403
0.9131362229627479
0.30489508540975085
0.20710127168461967
0.3011087906758355
0.11802713718033375
0.11572537758032109
0.3324588864874455
0.36521630516908576
0.08992705361589737
0.24824753248179277
0.44094659655305346
0.1772532701001911
0.6788188009088687
0.40944501560412616
0.23407338186701687
0.7575797400298446
0.5961011126393689
0.36924193080109835
0.16605686233407946
0.29444443977335033
0.08955150635117115
0.2664729406235721
0.1429827887146914
0.12952307193664347
0.19065822717614966
0.5636686016338304
0.134462708968196
0.34115557899936855
0.44431262945838856
0.14413412637617073
0.30410201014656923
0.17272916636434155
0.09853851999933583
0.3112512846554295
0.6058164204355976
0.15967480576652315
0.6705886340680731
0.22249036375820253
0.14152487721133478
0.6916201097096895
0.30415980883878657
0.17909001384607026
0.22694658061827977
0.21404076547928863
0.11235827584461622
0.45979000557496064
0.347501659220952
0.18991853275217396
0.3711054599554353
0.30331779972953843
0.1116505546115647
0.3637831751122944
0.3032306256289299
0.1086050911942642
0.6894097563002464
0.3019846170258551
0.1576096070277886
0.6990207809287746
0.40966143057554205
0.21127079043909258
0.38498128805612986
0.42796992373689224
0.11182038540885197
0.23630996598556542
0.2726348422714233
0.07872594443432812
0.4277135219963263
0.19688958716407845
0.1501444083312441
0.43520570626865684
0.15332126836379112
0.13495144401003267
0.27470194503886225
0.2122559404755947
0.1007234697623598
0.22528308905727734
0.46796474187542936
0.15014097765495682
0.1636962264500018
0.3621705721442544
0.09990255408836946
0.2447205950538085
0.30769585493000473
0.0806320822113683
0.17582237996115746
0.2599077738750645
0.09677052762366378
0.38341644138662123
0.6618923480417449
0.21594928666421964
0.4258878733942113
0.40118202527091673
0.10624453179436733
0.4781344562312182
0.5930708817650465
0.2611730495496567
0.09009114689280284
0.17509108646645433
0.06859246932199925
0.8849315993428374
0.3968678448627164
0.2489324288724496
0.48074455336473265
0.3166852030249433
0.15916634799670182
0.8095771913947352
0.18991223124030154
0.124225733173141
0.935952126957661
0.3242007014633571
0.19870627285262343
0.4926305407394771
0.428621946950568
0.07793813889692247
0.9955259306679025
0.2794455773753024
0.1806168174860624
0.1594701490457585
0.1405024826228456
0.0721761207791467
0.5989795248461437
0.35913807054514946
0.18436463894740907
0.26911383390236865
0.5823381216418616
0.13375102166079988
0.35047121193336284
0.6342929619726319
0.184605988287593
0.5732375417132953
0.15972177931561293
0.08847601744914646
0.3160950615471164
1.0000501155483776
0.19774896276134557
0.4467890101948847
0.6840054432561379
0.2999463704399217
0.17792508784364436
0.34061141891043434
0.0832000366031116
0.7298908925155069
0.41775599512369577
0.259963152197658
0.298608540074658
0.9745355862267112
0.16169786927646645
0.7441359896640266
0.41630613470678723
0.25000591815610385
0.16394300405396878
0.16116354658677534
0.08548788607809887
0.4049152215741688
0.19654556761571218
0.1450674559512991
0.8860106637344515
0.1869741533852537
0.12428722263300929
0.7525722942404978
0.26951664146800625
0.15783285881574793
0.35675937936305735
0.8021708166465683
0.2005455504789344
0.8854538342153553
0.5348638216225166
0.32095841568634353
0.3456161351673305
0.30762392114424575
0.08637557957390996
0.26684261173822665
0.18258818349360062
0.06129378760099202
0.42623845105876923
0.25620197597660543
0.10734160774269452
0.954525014455331
0.34387770465013867
0.1974555494120751
0.5838827271673727
0.26565875090282276
0.17195244919989872
0.18370489153873826
0.7463911450133898
0.0872962942631772
0.40560857361777647
0.7154609828235243
0.2676142713870938
0.3370688646331036
0.22519607378541173
0.08424930559507215
0.13877279168917367
0.3836121564993411
0.06310672742665158
0.40497046584583063
0.19588456538302157
0.1280455463013459
0.21416647305389225
0.22669917708933296
0.07961718194124856
0.4125441414265032
0.7104107120696036
0.26397042877695776
0.5438716909638628
0.8060673341162655
0.3487641095526355
0.44924525546584937
0.57635538293177
0.2685048122816115
0.6573982331463997
0.3964857537651284
0.2612669080626616
0.11251959134490797
0.17974775882723548
0.05088603699087335
0.30283717079238703
0.33154679578417956
0.10278145984825815
0.5120918072507189
0.4152436672991636
0.16715973250219407
0.23346374370995948
0.21761894071831567
0.08173620646566959
0.3586153203890706
0.19470296579992497
0.13042662622967538
0.22966069788432852
0.16483711546203084
0.05317166331418666
0.6088150324894952
0.25013989161901773
0.15945747665726295
0.14232777484492565
0.10481207069767484
0.041812858386089946
0.272287116423645
0.32638275136135064
0.062348073813013105
0.24346150284349488
0.32199260842895083
0.09414097250496944
0.5396885450180071
0.607897943519305
0.13698951013785154
0.52999439737186
0.400953586215014
0.18055730653754287
0.522960041195203
0.4287112425375218
0.20205524563847121
0.82136269286925
0.30270789111979535
0.20188272967228993
0.33151189623759625
0.19039845520109822
0.10099523118187725
0.46861138032696903
0.3857065116541315
0.1264951012808938
0.11608492084252753
0.10447860886805305
0.06940456114864879
0.8091131491933283
0.2442989902784224
0.16861335118041476
0.17898103503171747
0.46157746104942476
0.07966476034321657
0.527638872078318
0.17561879581010664
0.1322341796687948
0.4173702304725879
0.6689865277875572
0.2554584875023017
0.2518006557776328
0.14758048404769863
0.10851489296279937
0.286728142272193
0.22111451067547772
0.10753395788872278
0.5721352155515298
0.7022544540079452
0.3649706059616171
0.28071313579533186
0.20016310219616806
0.0823207891951897
0.37687206249389105
0.5245716192583305
0.23116454880427784
0.48948989034630075
0.2012592096521616
0.13727416781760948
0.4899731350775316
0.548689549361049
0.10315566912571617
0.4656694917125306
0.35009502391009584
0.1903528844597253
0.5128267347235933
0.29399581173291767
0.17081151604778122
0.1744494876588072
0.4985286176156547
0.12679112800913706
0.6976843635014776
0.6357970864240852
0.16506612436437607
0.06648888734562763