SPSA MINIMIZATION
a, c = 0.35, 0.13 
shots = 50000
Best tracked params: [2.93856739 2.41641088 0.87698961 2.99216895 3.44885624 5.60979562
 1.58241309 5.74819431 1.5545176 ]
Lowest tracked cost: 0.09649271662156145
0.9534717505149555
0.955314986697227
0.9549569264380591
0.9539923338938586
0.9547560373271873
0.9522928722694273
0.9537851298228586
0.9543398943645625
0.9574534537267538
0.9546925134038177
0.9534505294454683
0.9561256977722082
0.9560336657894172
0.9529502535867689
0.9550517688841357
0.9548363786047138
0.9535192827658785
0.9541784072196319
0.9557521690749242
0.9562247377849582
0.9539390121510218
0.9547927209138332
0.9544277212115321
0.9537959548466164
0.9558182906749383
0.9545883564092811
0.9527724577748156
0.9522791694818935
0.9579201538671298
0.9587480564507797
0.9539501053389825
0.9523804874747238
0.9128425469984149
0.9760303628983032
0.9278660502791046
0.927908788891559
0.9461327134463298
0.9281775481422652
0.9848628621097106
0.8883998389039717
0.8896350113507643
0.8746620402041674
0.9028282771495852
0.8857432251306976
0.9209005930918351
0.8608636320343378
0.8675620625311511
0.8342387540132679
0.9183748510579808
0.8398350538600018
0.8215490981802533
0.8575923979658248
0.8310657090455641
0.7886435570481499
0.8727731285548208
0.7937684724902065
0.7292268643218636
0.8486028690866297
0.7336366728552992
0.7694667571036332
0.7182384988008458
0.7264619690830666
0.7210936663206946
0.7423371900830374
0.7255684035655718
0.7136367244381895
0.7365332209056266
0.7241328627407194
0.7111839883581567
0.7383839596484687
0.717918784012726
0.611225064058663
0.8159278169614406
0.6235789125563865
0.6106212379218438
0.6292898428767734
0.6141486013338819
0.5272299104871807
0.7027666565786268
0.5375635342981797
0.6097101986708774
0.47879006154633175
0.48200664971007023
0.4314938423498892
0.5585272848063567
0.43424921232172675
0.46171088910980296
0.5083615907783456
0.42957698069154227
0.5017504648609749
0.3937054596158167
0.395643329644233
0.3442932310654431
0.4937129991200133
0.3449976954058386
0.3267948741043032
0.42015860350151735
0.3343701510241428
0.337242680067112
0.3533744186684332
0.33312920070682495
0.3909371046794774
0.39320705170994075
0.32535200482489135
0.4137976747107769
0.3244033908449959
0.3232080850329838
0.3864152629980858
0.2949649212280313
0.30278924180351785
0.350284768561842
0.34528175034916675
0.3000576936013004
0.34390152690050557
0.3217903940823278
0.3065280913877241
0.34878621951700217
0.3036608217996932
0.2998057958995941
0.343428638165894
0.2815880709588374
0.2836932689205264
0.3159022407520665
0.27005820673417347
0.2784648888379069
0.2812808554825622
0.280412560729534
0.2827238547280424
0.29486048185004476
0.33029919539613695
0.279580646419872
0.2864186521017523
0.324956291635944
0.2693319390546225
0.28332486245604527
0.29697959307818744
0.2699527501691499
0.29796529069366995
0.26911736247860196
0.2717883590271981
0.30132529785744466
0.2897750259765399
0.28362276252228413
0.2588819781621129
0.29183041002359955
0.26879670954974466
0.2937052403864193
0.2572679555221671
0.25974442700862976
0.26344569666284423
0.31051464885277136
0.25450920459207493
0.31054701161904696
0.2909924256034102
0.25977726174418836
0.2830216529164753
0.28295557558315676
0.25467449625166394
0.2955734824696271
0.245914864498616
0.23540610442897625
0.28513510413222565
0.26265623620082656
0.24628663858824995
0.30629448305580154
0.24550493480622526
0.2389277568380469
0.28533196065363187
0.3195574549555349
0.24498542520165134
0.2907483359744327
0.32625183935111457
0.24468970794609546
0.24603674396965014
0.2759976468648875
0.24550551954016864
0.288980916445044
0.3214929779445228
0.2491128113331713
0.26709548471140754
0.294324380040766
0.2514861366961081
0.27254873769758836
0.2880763333459153
0.2372984536134246
0.2842145049653928
0.2879230622443548
0.25246951663461603
0.2602178700083275
0.3087994594516338
0.24636005266423788
0.2685829295579468
0.27256641078979327
0.2573982523735716
0.2908886303763387
0.25883073850303495
0.2364619854764698
0.281081504797305
0.28602281458674417
0.23523129939253362
0.2643824500401406
0.27653810774704524
0.24431004331030426
0.2259106990951938
0.28282568265284413
0.23026314966893202
0.26798259717489126
0.33139115753534587
0.24016395652866873
0.2912052562847055
0.253192626396029
0.2351478256154771
0.2841715916974915
0.2600095491632446
0.23356378866847238
0.3587383777835388
0.3254196041951902
0.24268208081420795
0.28346841288494795
0.23739594724009527
0.21962587976736891
0.2592203078205374
0.2416767162937452
0.21825927991181726
0.23703888342586532
0.24025645573151566
0.22419433854555537
0.27095713974499525
0.24745343175844503
0.2206403508708934
0.34368278451682543
0.2667067748295202
0.24254967032451147
0.21499091684089722
0.27759337368225734
0.1977896308111995
0.23879325175157506
0.354046165924191
0.23269033340606282
0.2577175827542355
0.353722207791496
0.24673113462642582
0.22489157825052508
0.27454602085653446
0.2147896159605216
0.23135885724290206
0.16887308280727442
0.1987242856966427
0.23796199770247528
0.2099454604717773
0.18101104472711127
0.2513301626332263
0.24030107575564041
0.19543110950168785
0.21369404017523919
0.239580048481691
0.17314691065849963
0.24525918508241784
0.3752321579056388
0.23261059652408178
0.2083665463394746
0.21954311692046335
0.17827349175602514
0.22930025764411477
0.28425246835099816
0.19111589775144533
0.16567914044778032
0.24788582688647876
0.15631444946689
0.3161061626278201
0.327553271839649
0.1572406540278718
0.23935695016249303
0.24244038609960394
0.1639537375782847
0.22107257237746225
0.27899203169216424
0.17439933203451186
0.2209394312438624
0.19027239271038998
0.17485789348566672
0.33259854919633625
0.35261380500505013
0.14445334416927325
0.2558212729222463
0.24366012400612458
0.15243643051168776
0.21632636575598896
0.1767029537878957
0.1291793224465183
0.16527116008574483
0.21524825991135133
0.13147256011040764
0.22639978288075635
0.2060354312563627
0.1513787463205003
0.21225294746066337
0.20903200593657945
0.14617828844839376
0.2145453376597567
0.23969031013509445
0.1223576191502116
0.26763910765129606
0.3141442131589074
0.1979747771249114
0.19274582837553922
0.17217512252767775
0.13246084031910865
0.2852407850987365
0.24811916864166417
0.1475226038760935
0.4051404541012934
0.2725860728918418
0.25665295814377775
0.242380663763328
0.23728315692195145
0.14044808748061133
0.17397141516425685
0.15277047276735645
0.13138121775921896
0.2797122303474584
0.4908860001424282
0.2624567030388608
0.2137018886795543
0.1334437703099397
0.125136005054867
0.23902764230863494
0.20892441563248487
0.14614185578620997
0.22467042309051244
0.28029304834787894
0.1996433115483931
0.27247696608759275
0.18308306112385908
0.17395672755967673
0.3154745522481258
0.20101059632467622
0.18617571081618567
0.20359998417721537
0.1890941876351444
0.13793166507509702
0.2799945027148453
0.17131833995014945
0.14845759639012057
0.2080724179838842
0.17036069230711692
0.1398167356704625
0.19778106620751723
0.17278401057821569
0.1475310821517858
0.2464091808812655
0.21201399819874922
0.14226065741655736
0.23516314391477178
0.1564149535705448
0.14753553413661114
0.2248071390962635
0.23509640527465925
0.15473664732268877
0.25571912997573
0.22049811637547279
0.1682026147772725
0.26174760035617783
0.3496077889934609
0.24303980017442506
0.2657018204382289
0.240168699154914
0.15878679393219752
0.22900416448703098
0.2661463917308303
0.156020268577846
0.2455332473920916
0.3410523206187077
0.22537023887836305
0.22251998253886252
0.20681753139346182
0.1314666444025443
0.2258059068480618
0.18342674552542737
0.15645294452431313
0.5491759141383183
0.28319376536308516
0.27445167657697334
0.2571760875932053
0.2621434349389985
0.1390405223452944
0.1487721257721789
0.16382925423881145
0.14165558308772574
0.20400757122782953
0.1786204564615852
0.14302289952865332
0.22831790337537472
0.227747052994001
0.1385633475832374
0.14165074793981391
0.1603855649482081
0.14360842467171697
0.20191816949445507
0.21424930105385154
0.12336582373918237
0.21508275587027026
0.17657977997200203
0.14961817938974398
0.24759684265667437
0.20986697732648785
0.16937980161966104
0.20130136982775482
0.17202453206837542
0.15660902795039477
0.16251377440433834
0.21426983789913512
0.14761250667684078
0.22279415292011817
0.1772166227089923
0.14629767894414192
0.19806491042844132
0.20513188603188026
0.13752704707190655
0.21861601742899828
0.1968438737636452
0.1232257083653242
0.2779236414791234
0.35841559837550097
0.23538830725506843
0.1850100249157436
0.2683774665577806
0.176021282369215
0.26466817472405757
0.4187050088991491
0.24152358195150947
0.11372340839048012
0.21007980748516575
0.14405238416484134
0.28823420370443675
0.22631397281563626
0.1771072325588211
0.23237075225367543
0.1868970546209533
0.11670027245508985
0.21288444164485154
0.33059497550059835
0.1852123635622548
0.3126387441556665
0.3450593826763061
0.18550230623790653
0.21126095653904386
0.18058703196895265
0.14438186951790022
0.2540978895924527
0.2336352338369082
0.13214109999180446
0.17604939419529775
0.3050119239044995
0.16427767114224234
0.20028833247975508
0.14872113700367284
0.1043347136043331
0.230437162726009
0.22870977025332484
0.12366468173434486
0.19849180636192687
0.24165259334434552
0.11851227623110094
0.2903045486872362
0.45477302307355727
0.26904174957929206
0.18513935524959768
0.23639775697356968
0.15646321651237505
0.2789508328044854
0.6091198920397877
0.25896687295490584
0.19476253378250952
0.12169631191629093
0.12106932740113752
0.2211150055771629
0.20198259187035028
0.09993109222326357
0.4301334803741472
0.30761536855349925
0.2850102517164421
0.3022878657119381
0.3333914955050349
0.12314235633473325
0.4292519671840881
0.2807125148248427
0.2555215641677979
0.2491996409539926
0.22941980234845072
0.14640063668820702
0.22037949265903856
0.15241520731455727
0.12148107127546026
0.3667574180496368
0.2423188713192962
0.23282310149493524
0.16710216167249736
0.4189701664045301
0.17920157340939857
0.31771083191349503
0.2480471020380559
0.189302790565836
0.3141668253398958
0.6722364019099754
0.2840719364983587
0.24120498354585118
0.15587673724287476
0.13821816952649324
0.22074902270633656
0.26845650024112866
0.17793367790414305
0.20876940657296938
0.3222091429554518
0.17689443101418967
0.1949909230229384
0.19172413269592392
0.10649646319049444
0.5524609012723203
0.33677865258781725
0.3013546568205432
0.11086591204142715
0.1386641360392067
0.09649271662156145
0.28235504146787616
0.6504030595448291
0.24674464762763815
0.21472918497978422
0.4274057015206397
0.209477081920454
0.27957984580374373
0.19705390518356058
0.16503914993215463
0.23358838416668115
0.24938783688422606
0.1183179694584301
0.42001499761584826
0.24027549090760225
0.2024189733775984
0.21150349833019644
0.21098977017604204
0.1475635959180196
0.32102325255413744
0.3027962173010449
0.10236157839400695
0.153614946021008
0.18092496935557834
0.11842404363362824
0.2538106795186543
0.36498744033790964
0.228666904404496
0.274828703489847
0.21030368191904558
0.16420598246484475
0.19712527274882397
0.20493843524817867
0.10616144287320706
0.07149478926389474
0.21220776021819088
0.11766119208566495
0.12305889997971464
0.17992513898559592
0.11072126471032528
0.6069075160521747
0.29834559784453385
0.27774047365125276
0.12938951013814264