0.916088
0.924541
0.921721
0.921378
0.932876
0.915228
0.921564
0.913342
0.923055
0.916568
0.926204
0.924345
0.924345
0.927392
0.919429
0.904217
0.925979
0.923795
0.931862
0.908536
0.914276
0.920902
0.908634
0.920688
0.924991
0.918432
0.976638
0.857840
0.935192
0.926673
0.871332
0.957146
0.843863
0.982038
0.892565
0.907837
0.865453
0.764704
0.979765
0.842875
0.955846
0.857074
0.943359
0.847794
0.797217
0.947907
0.922592
0.739131
0.909573
0.783752
0.872938
0.856517
0.824732
0.818347
0.836958
0.846945
0.789762
0.869203
0.770154
0.901000
0.747624
0.781164
0.795922
0.800233
0.855980
0.726585
0.654781
0.940047
0.744628
0.854859
0.720925
0.754306
0.712429
0.649478
0.821684
0.686221
0.793084
0.749232
0.760399
0.688155
0.781358
0.647137
0.727816
0.743402
0.716550
0.734575
0.740795
0.719173
0.686176
0.695047
0.764849
0.710582
0.713280
0.802947
0.640963
0.674086
0.711956
0.665112
0.653096
0.729039
0.750332
0.612532
0.750735
0.675222
0.690754
0.655398
0.647703
0.762269
0.621024
0.727247
0.613670
0.683514
0.632610
0.683838
0.737816
0.657360
0.552955
0.781582
0.619466
0.665894
0.720973
0.543938
0.627867
0.737060
0.593903
0.708547
0.509123
0.571227
0.727447
0.511548
0.698821
0.577777
0.600625
0.545686
0.582274
0.555800
0.536413
0.544656
0.501107
0.608169
0.560217
0.563958
0.552705
0.630304
0.502426
0.707399
0.488797
0.616246
0.617602
0.545299
0.636050
0.507029
0.547747
0.520781
0.439593
0.619188
0.623073
0.497998
0.540620
0.582361
0.498801
0.453616
0.586586
0.454048
0.584632
0.551707
0.506572
0.485909
0.542035
0.496093
0.526626
0.475764
0.541807
0.532509
0.571518
0.438115
0.481636
0.475491
0.474811
0.466351
0.495705
0.454894
0.545531
0.483552
0.491064
0.532289
0.434320
0.474207
0.542436
0.478774
0.506526
0.448351
0.501541
0.450947
0.410469
0.566533
0.459276
0.445383
0.441374
0.508555
0.471163
0.496325
0.497407
0.492597
0.494022
0.440324
0.429511
0.509954
0.438513
0.476191
0.435799
0.528256
0.516346
0.426858
0.436563
0.385999
0.536052
0.356414
0.534600
0.508781
0.412302
0.374196
0.520047
0.397049
0.355498
0.477620
0.500485
0.370073
0.487997
0.420212
0.465734
0.473316
0.414808
0.504897
0.359510
0.449472
0.484426
0.520621
0.374278
0.351842
0.480684
0.373448
0.418466
0.383166
0.438873
0.384468
0.377288
0.453594
0.331121
0.490569
0.355615
0.380778
0.404621
0.457046
0.373006
0.420703
0.440522
0.337060
0.483052
0.369350
0.333902
0.424060
0.348802
0.484536
0.446874
0.400010
0.411051
0.449659
0.357440
0.462759
0.347695
0.430870
0.357212
0.377167
0.360605
0.276535
0.461238
0.323686
0.382931
0.357707
0.412219
0.364880
0.356917
0.397997
0.431605
0.338408
0.333132
0.317617
0.330256
0.409435
0.293290
0.381621
0.323530
0.404258
0.289529
0.339052
0.404877
0.372249
0.339409
0.300789
0.353663
0.322694
0.334704
0.350894
0.336181
0.332408
0.343355
0.361936
0.374954
0.279291
0.403949
0.326716
0.339851
0.329082
0.336029
0.343147
0.413138
0.393096
0.324019
0.305227
0.323032
0.362847
0.326888
0.297182
0.344629
0.350427
0.343407
0.374002
0.360500
0.330639
0.322659
0.306847
0.338816
0.324372
0.307671
0.333355
0.352623
0.419243
0.344640
0.314639
0.296200
0.329426
0.357295
0.293138
0.352203
0.342792
0.327908
0.341539
0.368499
0.315664
0.327929
0.305301
0.338084
0.362679
0.357887
0.300227
0.281600
0.384958
0.309038
0.350617
0.345567
0.342242
0.373045
0.355137
0.355054
0.416347
0.375481
0.284005
0.359172
0.349753
0.341910
0.345629
0.287632
0.362764
0.275111
0.322352
0.298014
0.350557
0.306789
0.355181
0.357222
0.329072
0.302478
0.337771
0.376936
0.310989
0.358355
0.312553
0.284984
0.328158
0.290069
0.353249
0.312448
0.311888
0.291136
0.347821
0.314731
0.346598
0.333582
0.312362
0.333924
0.295439
0.369878
0.299956
0.291921
0.325233
0.321110
0.320049
0.291319
0.359570
0.351035
0.345857
0.327232
0.346456
0.340169
0.351398
0.321955
0.345091
0.353323
0.353779
0.298798
0.283027
0.300386
0.355346
0.327767
0.361478
0.343118
0.339162
0.325232
0.301932
0.307674
0.262106
0.386092
0.328953
0.345115
0.343514
0.318031
0.312371
0.364074
0.315475
0.359809
0.329675
0.358363
0.309237
0.323594
0.296345
0.372581
0.298090
0.298590
0.322524
0.310649
0.352746
0.327774
0.290788
0.353510
0.329616
0.323253
0.287192
0.325045
0.341782
0.311585
0.289278
0.346875
0.300222
0.333001
0.364145
0.282806
0.342747
0.417519
0.306074
0.312503
0.367279
0.344741
0.348944
0.376793
0.312276
0.317553
0.347297
0.322627
0.319734
0.321736
0.308307
0.366906
0.304062
0.314120
0.322854
0.292912
0.333996
0.365911
0.361457
0.335271
0.333396
0.300583
0.283834
0.350720
0.305575
0.293294
0.367937
0.337602
0.308086
0.325299
0.318823
0.295995
0.298223
0.346457
0.303243
0.274762
0.312663
0.330964
0.314058
0.351253
0.310122
0.335758
0.326105
0.308106
0.312249
0.334512
0.307482
0.353134
0.363935
0.282936
0.340338
0.295156
0.302563
0.357718
0.315456
0.351718
0.354954
0.316799
0.320005
0.327825
0.350748
0.378883
0.371563
0.310115
0.321856
0.314827
0.347545
0.301114
0.345282
0.294996
0.363557
0.274555
0.323161
0.295900
0.301390
0.346172
0.295323
0.278632
0.323042
0.273262
0.385591
0.344372
0.348216
0.274754
0.309220
0.282746
0.305831
0.378229
0.349085
0.309389
0.301471
0.304702
0.336481
0.348883
0.281819
0.327977
0.338990
0.361528
0.386308
0.385643
0.374241
0.276592
0.319173
0.291057
0.317738
0.278387
0.299724
0.321519
0.350144
0.325606
0.305259
0.337438
0.307573
0.283346
0.296338
0.306813
0.289143
0.293513
0.343508
0.322527
0.329933
0.281209
0.367525
0.348948
0.263929
0.318090
0.300165
0.314578
0.315625
0.343147
0.278551
0.350235
0.342896
0.316958
0.332913
0.322756
0.346924
0.348497
0.339484
0.275248
0.313547
0.315915
0.316817
0.259689
0.322672
0.329606
0.310923
0.326014
0.266801
0.336957
0.299183
0.352381
0.323943
0.317974
0.288054
0.312529
0.320926
0.276778
0.285538
0.310516
0.293070
0.313477
0.293931
0.291629
0.328043
0.287756
0.276344
0.366936
0.315478
0.322708
0.327783
0.320639
0.304598
0.264937
0.305421
0.278344
0.363574
0.368793
0.361887
0.322321
0.346811
0.342821
0.322404
0.312294
0.281691
0.340423
0.344255
0.294835
0.276569
0.287253
0.291710
0.318190
0.279990
0.286112
0.351641
0.291678
0.351043
0.329401
0.283269
0.324036
0.307237
0.306636
0.282003
0.326593
0.267193
0.284615
0.297278
0.330181
0.321600
0.306078
0.283290
0.271446
0.357225
0.295836
0.293894
0.287552
0.325555
0.276336
0.305444
0.317420
0.281821
0.290775
0.274049
0.324577
0.269173
0.325664
0.326017
0.287174
0.306711
0.288688
0.275429
0.285671
0.307360
0.261350
0.279392
0.311363
0.296829
0.281485
0.300257
0.335714
0.294325
0.326826
0.323157
0.308259
0.266819
0.326873
0.331488
0.259941
0.282063
0.292251
0.279358
0.289038
0.293872
0.315373
0.291745
0.306194
0.296012
0.286053
0.281261
0.280023
0.299759
0.273077
0.311470
0.294049
0.288322
0.280889
0.297504
0.283226
0.305242
0.342570
0.366537
0.318869
0.291720
0.280893
0.275339
0.335933
0.340657
0.303332
0.311897
0.329033
0.289827
0.277806
0.324640
0.283794
0.309976
0.306547
0.307208
0.330383
0.349169
0.319753
0.280953
0.285940
0.282656
0.289902
0.348924
0.351168
0.304201
0.333507
0.312404
0.320397
0.348345
0.257918
0.287801
0.294034
0.322319
0.289516
0.296826
0.276419
0.321341
0.309647
0.268790
0.305003
0.264243
0.310054
0.335462
0.307445
0.283355
0.288300
0.297759
0.275058
0.289379
0.273123
0.317579
0.288859
0.293315
0.275397
0.268188
0.317873
0.282426
0.277111
0.273106
0.363805
0.332869
0.344555
0.342408
0.309494
0.272782
0.254070
0.288351
0.306171
0.326875
0.269430
0.337959
0.275817
0.302822
0.316363
0.279784
0.297625
0.322447
0.287410
0.329872
0.318802
0.286142
0.327108
0.299214
0.267329
0.293064
0.321974
0.300077
0.313028
0.279412
0.308860
0.295485
0.300628
0.273352
0.289403
0.302122
0.312767
0.286664
0.273733
0.311224
0.291967
0.328731
0.284465
0.300228
0.306226
0.314929
0.291023
0.329466
0.305717
0.279508
0.263883
0.286288
0.310754
0.300765
0.292349
0.312223
0.306906
0.298764
0.286905
0.263044
0.251659
0.272771
0.262704
0.280407
0.295965
0.291620
0.318449
0.295807
0.308002
0.235163
0.281721
0.304306
0.309305
0.282221
0.322751
0.310467
0.303416
0.330254
0.267532
0.284656
0.309323
0.288233
0.311331
0.330059
0.293571
0.345198
0.337549
0.260385
0.295758
0.269505
0.341748
0.310352
0.338228
0.286709
0.272865
0.291772
0.287919
0.277817
0.303507
0.308332
0.280778
0.298209
0.283446
0.325339
0.268614
0.273676
0.327776
0.329330
0.319661
0.310133
0.293427
0.297053
0.268553
0.282365
0.258462
0.310274
0.279460
0.285827
0.281757
0.309401
0.319821
0.331851
0.314437
0.263856
0.323027
0.278443
0.307870
0.314798
0.325549
0.257284
0.263246
0.303351
0.268057
0.276037
0.268155
0.286449
0.319066
0.313998
0.281248
0.275261
0.277404
0.285197
0.330252
0.306925
0.308401
0.286254
0.276183
0.300454
0.290750
0.310397
0.274814
0.326980
0.280719
0.283495
0.261297
0.298500
0.302958
0.301607
0.310659
0.274918
0.295189
0.275712
0.283200
0.279551
0.337116
0.315149
0.312971
0.273925
0.281412
0.262715
0.314098
0.297067
0.304438
0.283541
0.292505
0.274824
0.300016
0.283148
0.290827
0.297106
0.291204
0.311765
0.312603
0.288258
0.318315
0.285198
0.277547
0.301517
0.301007
0.318737
0.294034
0.276687
0.291196
0.319453
0.273247
0.266802
0.290607
0.320618
0.314782
0.340214
0.371886
0.315909
0.293407
0.268375
0.264674
0.293447
0.294408
0.269007
0.295055
0.276195
0.290935
0.283267
0.276922
0.295150
0.325671
0.306964
0.319905
0.300555
0.290637
0.304275
0.289839
0.286230
0.300628
0.278617
0.301707
0.288738
0.281355
0.304599
0.288451
0.321862
0.258180
0.320244
0.301014
0.279382
0.284303
0.309231
0.306291
0.292586
0.280137
0.263318
0.310309
0.276563
0.329338
0.321625
0.289615
0.291378
0.252251
0.297977
0.269536
0.335664
0.310085
0.324844
0.302954
0.272213
0.277823
0.270686
0.330578
0.280027
0.297039
0.258489
0.275785
0.288116
0.318778
0.278990
0.313429
0.348743
0.260929
0.290451
0.323841
0.300775
0.316293
0.284086
0.281982
0.260280
0.307553
0.276197
0.317114
0.301906
0.261495
0.270699
0.300475
0.299991
0.257368
0.328562
0.270303
0.262876
0.309968
0.271916
0.267760
0.280573
0.321683
0.318097
0.314409
0.278485
0.259688
0.302494
0.287191
0.254652
0.285691
0.311870
0.295735
0.317779
0.286941
0.294397
0.280455
0.311184
0.285293
0.265484
0.267647
0.268709
0.269799
0.237129
0.294183
0.289879
0.308249
0.304247
0.271813
0.318077
0.297436
0.272313
0.248138
0.327330
0.324041
0.339441
0.321838
0.273805
0.302360
0.265896
0.286348
0.274409
0.284427
0.283575
0.309033
0.312607
0.298386
0.258499
0.305275
0.334467
0.256436
0.300948
0.297016
0.285985
0.318721
0.313698
0.325230
0.275543
0.306663
0.269554
0.258939
0.315576
0.336322
0.293079
0.317603
0.294830
0.274771
0.286111
0.258331
0.276036
0.266216
0.310542
0.289252
0.310615
0.261675
0.304831
0.296348
0.273725
0.302532
0.289836
0.323388
0.317746
0.268288
0.291454
0.329899
0.331392
0.280696
0.316916
0.280993
0.316900
0.294403
0.337157
0.305713
0.296974
0.268809
0.289429
0.278754
0.276870
0.289456
0.316537
0.284033
0.291334
0.270117
0.263797
0.269469
0.274796
0.276982
0.309623
0.294755
0.324659
0.315680
0.316036
0.344169
0.272966
0.300223
0.304090
0.250416
0.284532
0.297803
0.303966
0.306726