 SPSA MINIMIZATION 
shots = 10000
{   'fun': 0.28012212816361126,
    'jac': None,
    'nfev': 676,
    'nit': 225,
    'njev': None,
    'x': array([ 6.3698061 ,  2.86867544, -0.00846187,  0.46813933,  1.39680853,
        1.83632054,  2.20735608,  0.39490377,  6.25137147])}
 

 Best x Found (Tracked by Callback): [ 6.3698061   2.86867544 -0.00846187  0.46813933  1.39680853  1.83632054
  2.20735608  0.39490377  6.25137147]
Lowest Cost Found (Tracked by Callback): 0.24471681993609662
0.997403641191105
0.9955917166610416
0.9952279250286598
0.9951973165734921
0.9976815663397779
0.9912021915946545
1.0039425860323887
0.9966130899824374
0.9913635094919078
0.9951591210585393
1.0026580164934462
1.0001496501870455
0.9952535384950423
0.9938849970855478
0.9929274701381626
1.0011558732563717
1.0010561879823594
0.9964722965807404
0.9976477698153885
0.9941567974262471
0.9967010247952135
0.9979651752834202
1.0025167147974343
1.001697158570119
0.9984919725024948
0.9970227292014564
0.983722930769112
0.9730272277758815
0.992391416538727
0.9800790402593362
1.001880973944915
0.9951379148241661
0.990894588941921
0.9997923782741676
0.9996851711351359
0.9914239078670208
1.0061236368926822
0.9913965107483935
0.9801593220338983
0.9983491295398511
1.003757881384598
1.0005562609275105
1.00009942716794
1.0006269163580461
0.9965815786512638
0.9896337214408709
1.0013047446618153
1.0027295131837077
0.9829407416190103
0.9860364286997251
0.9692826707188903
0.9948492458923551
0.9964681158011663
0.9767180882575643
0.9985548115814344
0.9876027437957556
0.963329609745396
0.9997057671170396
0.9924448381464069
0.9856257726584727
0.9991293627873832
0.9957251763074749
0.9978678869978994
0.969811237507484
0.9910856831690964
0.9787168003884051
0.9945609601217446
0.9891027144295411
1.0034966268031702
0.9894252296935823
0.9845677117285249
1.0012547795155553
0.9612707218496406
0.9891727113521086
0.9980806167667257
0.9644849193653205
0.9831619793454183
0.9949710416179955
0.9661417208715231
0.9781896601167024
1.0013142845133927
0.9545300990477498
0.9773051783666217
1.003426098923784
0.9472269143678991
0.9719315319226726
0.9838356173470798
0.9418665689484276
0.9729518454323592
0.9376946402380507
0.9740378594090271
0.9609773196842827
0.9386044651803285
0.9803414409439665
0.9574072408819052
0.9642875561506025
0.9699803882739055
0.9610390909194642
0.9762523292966233
0.9573061860676075
0.9654161305319016
0.936376993058733
0.9874822756993075
0.9567640252397396
0.9698665889237554
0.9482236053639392
0.9525254796186265
0.9651396113017657
0.9719454401562108
0.9595819044536722
0.9636747986015409
0.943990061612644
0.958159589159716
0.9380441308587606
0.9799309727484127
0.9541774165351739
0.967259045831146
0.951276743203268
0.9538971422512654
0.9337757865993306
0.971280256528992
0.9532238427589614
0.9823155469698355
0.9064016531829185
0.9336494548404543
0.9878715377589771
0.870462082556686
0.9112164243007319
0.9008051255803751
0.9362086741693343
0.9134037370420195
0.9378095722862548
0.8874509259937813
0.915264932149422
0.9301168140505479
0.893877369949524
0.9091846210769605
0.8831727829928531
0.9385969765931441
0.9053742350757746
0.8845875911418422
0.9353860134360514
0.9033682907926796
0.819168741532182
0.9691165400112205
0.8647517041053447
0.8905599982378941
0.8526999029616307
0.8659456047091897
0.8946081679287624
0.8362525508170586
0.8651537942617858
0.9354198167566588
0.7978182303907169
0.8291831348285206
0.7843737382043956
0.8645290625237729
0.8168856631471162
0.8818178366162602
0.757284625003448
0.8014731618377734
0.7892442930553516
0.82083974091262
0.7956054502681682
0.8187117101514876
0.7930160770475504
0.793252852153667
0.7871810681940735
0.8016171247357293
0.8046124197713183
0.8387066469033297
0.7931108392788192
0.794290682412477
0.8161114425620533
0.7779242293483462
0.7873472749448998
0.8034075364426669
0.8123814065752706
0.7948989458451274
0.7644496624173209
0.823379764684071
0.7949304994896015
0.7704966418293216
0.8013969126502982
0.7900492272116708
0.8011431045078403
0.7900852510695788
0.7864393110496574
0.8163976106277047
0.7862886470093581
0.7949108971012617
0.7829809888518259
0.818799389480445
0.7896515698121115
0.7846775793473296
0.7915498924396209
0.7958171267023346
0.8399973693429728
0.7356397995531945
0.7771299146338814
0.7965186207229148
0.7881956847413895
0.7723339647498042
0.8241847378521168
0.7393577856662403
0.7608549912561006
0.775231786307162
0.7634841881454917
0.7661529602495347
0.7777835257984722
0.7474497199129878
0.7632567949508043
0.8214020269473716
0.6995148443896322
0.7418788439076067
0.7795283190864812
0.754245874266893
0.7405669924415539
0.7869941490735739
0.7266030128712415
0.7271279157617192
0.7919699183902729
0.7250381116848179
0.7340228203928905
0.7437048247730715
0.7308313974207434
0.7411465423320379
0.7808624363870089
0.6901119896594337
0.725909741500397
0.7691532308697309
0.6968265845997212
0.7152020572290403
0.7369499371859296
0.7407147268049039
0.7146249279138519
0.6796565711762892
0.8017712251831196
0.7094949872489991
0.7372760875650158
0.669798226664986
0.7087070280136355
0.7759127251519706
0.6680685265346993
0.6888272463718831
0.6042169955055616
0.7371918593267845
0.6660521413696996
0.692317752913634
0.6812228117079039
0.6621427841691865
0.6917680970828073
0.6713447230062122
0.6585601537498724
0.695291853569333
0.661659194601556
0.6569539295842965
0.6623698126918405
0.6870942906017821
0.6575776421472197
0.6511988327624803
0.6718906578464352
0.6602098918305928
0.6933095126025737
0.63986706874766
0.6540589063831495
0.7147239684657091
0.6515594954133297
0.6477085970828949
0.669417174233721
0.6574446919844138
0.6497022320659105
0.6557247634194531
0.6528379114654196
0.6536338248052311
0.6636015832266751
0.6387111386193945
0.6443511525300842
0.6462219754921945
0.6859714505745744
0.6519682922760385
0.6673215484007318
0.6442183910540502
0.6548106825031497
0.6915424091360922
0.5999591499127985
0.6436077839075198
0.624039562069319
0.6678635251944591
0.6409891085551641
0.6405769382913622
0.6617857370841556
0.6369544797133893
0.6548675111683098
0.651676080248034
0.6303299730409522
0.6466497317251318
0.6422556823357239
0.6394707744754407
0.6370036829188481
0.6557891141669695
0.6372116867937385
0.6410545291936718
0.6508589425032508
0.6513249784855735
0.6490870141575438
0.646250720966594
0.6378494203091685
0.6375075365407312
0.6769521306698931
0.6327188570453123
0.6314604527008683
0.6805504164261564
0.6299140140962011
0.5524573292987764
0.681717245628489
0.6090733026280416
0.6861287526212885
0.5941825210583486
0.5978266093935454
0.6166970161325266
0.608816494013853
0.6053673122107512
0.6268239907011235
0.5855648765811339
0.6015116958824254
0.6470081009756508
0.587237149816189
0.5881760071529963
0.6114330864964395
0.6261183552331467
0.5975001292915525
0.6352883293016098
0.5966608476243425
0.5937050813119422
0.6031156714954187
0.6006846775220718
0.5951610381643133
0.48180064655956145
0.6782295065790667
0.5498466363742964
0.41455842801880416
0.6469750278116888
0.47717192560618804
0.5280390529796825
0.445097500899132
0.48306891394765683
0.5041637318479748
0.49721371438933004
0.48716913396532835
0.49353458123527516
0.4532933886732833
0.47583142632465836
0.34701588812828066
0.5862637082335143
0.4164725809678528
0.43150437405879005
0.40915849675702154
0.4030845030474445
0.41460426802168837
0.3878527100559469
0.411559059403971
0.38929986946862505
0.39886124884938656
0.39843260366153777
0.3930166738235633
0.45375010288393547
0.39702144293406005
0.38830533656388766
0.4873539021823109
0.42598296482098075
0.43576223305039496
0.3951611237749788
0.4022452926877341
0.42562689512399243
0.42324733911929346
0.40917748026825285
0.36038466450412854
0.4663121914873206
0.38856296191645123
0.3860284410171223
0.4333144672897197
0.3736352992361984
0.44124219950350574
0.3989501552471554
0.3908726211896233
0.4438035616273368
0.3596914318594573
0.3900935031480043
0.3183678235157583
0.471169278225127
0.3710010888225842
0.3339434569953269
0.4359260197945377
0.35341891810517867
0.4479317782615977
0.394650017417557
0.3540752216080927
0.3046165953393525
0.4791291601422447
0.31938690429165617
0.30659219320270237
0.33235463152400824
0.2819909121976225
0.38018043713957994
0.4028310998613487
0.28704946639405293
0.32380438657044264
0.46755255164886544
0.3123523337319093
0.2996288267593007
0.36416168567957263
0.3094000694534369
0.3066861576509953
0.38026211907231267
0.3256637195437754
0.3423431353534545
0.36529616657768305
0.3111906953615581
0.3665136489271995
0.3116047716372675
0.322185613749855
0.45477884470882923
0.3284886774201159
0.3128815536017795
0.32981354669490703
0.3220498385984878
0.31737272970489383
0.2953229610468654
0.3301822899081519
0.299484536934002
0.322389841070306
0.3382475587732857
0.30437266467169644
0.3262066446785211
0.34577486774639854
0.30887201701021805
0.34235380827365536
0.46424880887034814
0.30698709589643236
0.2872808598180727
0.32810438374454143
0.3268728596737456
0.36775425593287014
0.338369550055607
0.3186137276990988
0.3572679729069199
0.3282988604496301
0.29685322171893824
0.31589581362214625
0.36235610780157324
0.3120066215841951
0.3946306290661842
0.248882022732814
0.3011919092887416
0.36511752754287974
0.3565188207427935
0.3143229673905519
0.4166421767475553
0.26436765188670797
0.3039553168232657
0.3943220826745344
0.38447920063993724
0.30137424849346295
0.29840962150986305
0.3826660376812434
0.3071413133199862
0.26163022579610173
0.42093026153433477
0.27858174113848866
0.3135363778379505
0.3150899900949157
0.2796621447925298
0.3702259942610794
0.2889613878180415
0.26596762900462023
0.3320786133063547
0.31193577087481383
0.2657011797516544
0.34597382866125237
0.32344185463139585
0.2674792449085358
0.2889914544164197
0.2608169320966993
0.2812821842842277
0.26613704943020144
0.3553775243986783
0.27152632707594193
0.3589619768198766
0.26812471263526283
0.29592762049883714
0.29377946113559505
0.3258855681522653
0.251636761959808
0.3059906189649694
0.27736864008953455
0.24471681993609662
0.3316725563382974
0.3335157607929722
0.2644166804951341
0.27688472111251583
0.3165909555049643
0.2753829139087436
0.27367018724640857
0.2579342531018275
0.2723042597865163
0.27322912841125435
0.2840878003912073
0.25391395411303863
0.3322517026082811
0.4533985394809892
0.2741571848880655
0.29615896381578966
0.37607465726396727
0.2807861194556398
0.31916879171254575
0.25804727135994243
0.29054861635082996
0.3182109568376027
0.311077298486489
0.2731674843538009
0.2919787493669096
0.3301756622645934
0.2682374802957308
0.2856978817929394
0.30523370312132436
0.2559084932176465
0.31915187804930023
0.24630780609475877
0.2772319604351229
0.3780046445423424
0.37975690361215897
0.27559239976324623
0.2970685269139902
0.24490434284768325
0.2844512286635905
0.32927026147609506
0.2879003365713505
0.280715063223981
0.3170232118743619
0.247768189274448
0.256895042011128
0.24247850684671157
0.34271845700617565
0.265435614844279
0.3619358190255221
0.27271422880359053
0.2586453931851531
0.25952779447048036
0.3337420013553195
0.2791554193816418
0.33698632701881437
0.26536737102519503
0.26039486660209565
0.2788771581038446
0.42564178452271995
0.2659108794716345
0.3107156163872601
0.2907885817914697
0.267635027178756
0.27094506930524176
0.40801434035828765
0.27124473362160384
0.2764121758984429
0.3141816991111236
0.2904893769041451
0.2371112094634522
0.3228670627297028
0.28205361792979855
0.3030340465080257
0.30922091805261565
0.2903510479951398
0.28379863218767953
0.2799172535463108
0.289094854427147
0.3077398433740738
0.2887592167427674
0.2934820613254634
0.2656796995286369
0.3221006544011159
0.2772833169501667
0.285884245065368
0.3070874609184172
0.27123745386230547
0.3347835085254488
0.23793095161307098
0.2702759718703591
0.2914615567297988
0.2935919935029593
0.2647066832633276
0.35972373338358743
0.3336836627957125
0.285230064189007
0.3406891550783505
0.3099071925849217
0.2661012993358952
0.3638784017671517
0.2842053784745042
0.2994925983680097
0.2718136606214102
0.3039692448571063
0.29243900823705005
0.2687701762337007
0.3495582094190117
0.27489695989723584
0.3257069598496042
0.2679009646535029
0.2706689111980831
0.20096970901134303
0.32840238917958353
0.27359036242013934
0.3306198005287003
0.3536865403439058
0.28626007202513226
0.309004812477475
0.40341424061320685
0.28071304007497966
0.39482773587129505
0.3059198740640957
0.2680021463783807
0.36790734938344105
0.2936915701301016
0.275305144977267
0.3011031738673239
0.26897561405503767
0.28471740397557266
0.3477199264152523
0.24362316865586942
0.264758729987834
0.2945216904375302
0.3321797027453287
0.3043084704016916
0.30150906219498974
0.3373390834341631
0.26028828602227816
0.26758135832853325
0.29754674057185404
0.27139981737193764
0.3137256656141908
0.3939448177524285
0.2700478782128688
0.34424653053271503
0.3552980529984411
0.2712318215613385
0.3358457400067183
0.2657303777271831
0.2768553804641125
0.3204421140670165
0.3394551424484765
0.2682057046315047
0.36556309597367065
0.2719713749386862
0.27620654918435283
0.2673296723688028
0.31689750298925623
0.2612525401914739
0.28497164118302076
0.3131551408843256
0.2636496166251857
0.2988053230384655
0.31609592316738544
0.2723769503389004
0.3074858117313909
0.2817032262035013
0.2841122054791466
0.32116437468763237
0.26934916255371255
0.2603239144766757
0.3236432468149555
0.38525149225876776
0.28322562120375505
0.3592157805748638
0.2776376744887191
0.26490855723143236
0.28544185798571575
0.3409419007757609
0.3004360493773547
0.35277259618225865
0.3081182331964417
0.28912931172380085
0.2552666274585206
0.31922365784292295
0.2714448084241724
0.3370857499109371
0.30500350139172905
0.29041593575615
0.35402285226563956
0.3239274498388607
0.26968668391742157
0.36924610051134765
0.3276131238796962
0.27560959270170504
0.2932933853798497
0.29960222677734794
0.27746978243528253
0.33634592266737917
0.29260436001917545
0.26544303903767597
0.268036660073006
0.2986350946602587
0.28418759058752496
0.28012212816361126

 
 
 
