SPSA MINIMIZATION
a, c = 0.35, 0.17 
shots = 50000
Best tracked params: [5.31666999 3.19296368 2.27965151 2.36538689 1.58159879 3.80171549
 6.41355203 1.05691528 0.07015861]
Lowest tracked cost: 0.023972098451653823
0.43937924731330147
0.4516754936778201
0.4445299721641557
0.4379524590279491
0.4448722358405437
0.44337940263495723
0.4418421783049068
0.44259136946162736
0.44141013557491016
0.4546095897706245
0.43915151691255994
0.4505103431461325
0.44063253833132854
0.4456823506262433
0.4477015310051502
0.4458135843941793
0.45310832734934314
0.4389418156505849
0.4344685637171831
0.44456339392695277
0.4430570193578144
0.44967297386026783
0.44063690187443116
0.454997942557565
0.4420990877162766
0.4469753030833591
0.4750753550089777
0.517721081139122
0.43848258386557337
0.45797365844444593
0.6344397413849976
0.4449456653156234
0.35583587915281123
0.595061869245784
0.3761955937175748
0.27779961764705896
0.5326362240981701
0.2902203992724791
0.4412660069624197
0.4033120892038996
0.30686132003742617
0.3149696872841655
0.36056442960217217
0.3020411661247122
0.3511205433035267
0.38053170465539055
0.2885685464377745
0.26533988412911724
0.41250005822678537
0.24389214423020922
0.3156403972991233
0.24059575780755205
0.23775640284451516
0.3726664605981407
0.28916255820512016
0.260474679084469
0.2081391988047533
0.33023852089717665
0.2107617459181057
0.33896072454467807
0.3407139178239398
0.2164914732798886
0.21351974915440652
0.25317040012236003
0.20181443502880303
0.2679861578192255
0.29508111209111
0.19088418599754342
0.30713112991791325
0.347450318280747
0.19707328994442164
0.31054497311447116
0.18689238670852415
0.15545995890366504
0.22063751459675607
0.3365571203480092
0.17533660059387268
0.450082393293357
0.26447354374605814
0.22142593748051176
0.23463405824740857
0.3286733386459264
0.19044511306056333
0.22969925029694394
0.21128655398152074
0.1331327089139458
0.44408857880934083
0.26779119905243687
0.21665236801809995
0.26922162229334956
0.17459692468113097
0.15541167852880766
0.15633486320687073
0.2331694657171216
0.1590154583935488
0.4189474605051996
0.32197421349571287
0.24555807992610545
0.27418480129065137
0.2687407646169304
0.1544670716544676
0.19509691579139987
0.28841029940633645
0.1334970343352283
0.18832991172834757
0.15945430182948195
0.13748680774712274
0.28294577574801516
0.547246179070451
0.23127292430755453
0.2149713327813536
0.4441410550470033
0.1588251919755297
0.3049889693931882
0.2237434977349082
0.1243123806875377
0.4608537071579921
0.24010694685124856
0.17118403943438099
0.22413404524006908
0.3105347329332856
0.1506176267414806
0.6235101004896044
0.21799394136824313
0.20319631363253632
0.34341140470626486
0.37211375560136795
0.15549308797300831
0.45613467879938274
0.33942251472017104
0.27845238088474156
0.254806691737699
0.45403945493514875
0.1707887158612289
0.2549467532295461
0.19067570730190397
0.13759546029031477
0.3078504584755518
0.17776663924098057
0.15237488140707
0.1918354606286724
0.45485913486750884
0.15612297555773524
0.2705392406366688
0.41257856798650083
0.2084923648311343
0.3578712883855306
0.5072088870470235
0.2740380345591421
0.22706322221274633
0.19960130764815565
0.1290260180011531
0.7555038781031664
0.2933931271801119
0.21685147753950773
0.19411203795580179
0.15675204465792558
0.12294761974190171
0.27460535504586747
0.31551396859531
0.1375437688709512
0.3859683429031505
0.38402787697082674
0.14177315635601995
0.3302506939130776
0.3049084551193726
0.13439690922817238
0.17538905669410065
0.23557706729289463
0.14125458183290351
0.1803585333382861
0.22286588690083375
0.1286805697662653
0.5871241108700445
0.2764064513717617
0.21351431776762364
0.18232795009462044
0.23756488257801445
0.1341979362786515
0.21012909835662963
0.21758131646647805
0.13935664356225408
0.34316871462126397
0.27682901664572235
0.14440495539624387
0.3681394920822141
0.17763227491026756
0.1424756769166149
0.2593959771950749
0.21914437058406355
0.1520425352557534
0.23503103173392814
0.19218129478213786
0.15444476419450515
0.2906311971776516
0.503011442441911
0.22746734529224966
0.22090936134564643
0.21263971172646257
0.12715489825879556
0.2009304257136072
0.22742381802164346
0.15188204433385566
0.2576538380951
0.33466561021891816
0.17365058938516065
0.18737018068146305
0.17189497902997342
0.13522787675169845
0.23616649480080076
0.3732800018383249
0.17786127880108882
0.4087506595894531
0.32676474480901807
0.17447666649145432
0.3526662556936062
0.25562176641683276
0.20469700831938398
0.2519636926137484
0.23151775104450156
0.14845638917615878
0.27098702622061477
0.21500286630685406
0.13614419877894712
0.33987837625586315
0.40105853889608556
0.20994203912567722
0.2968130799471086
0.3718104099012999
0.19680353620839364
0.18159983543128555
0.23298694903513129
0.15528868235095483
0.2507026875781647
0.19192179187146652
0.1502175646419578
0.16830287942724942
0.2541794840192384
0.14431514518143873
0.25278468318490155
0.16879024917357954
0.09872371425195614
0.2178067558164748
0.38267681849697044
0.1496952692035841
0.22175186019432158
0.23518020212645174
0.124084019185559
0.27245985166749664
0.3618667130780022
0.12996543856385478
0.1653130320325743
0.34266752341957274
0.14946643377803337
0.40706041777980884
0.2752075769236476
0.21784868813449543
0.2945031483207303
0.14273597736263055
0.15128861637688518
0.25269308636854504
0.2522698686555831
0.10984262289203872
0.17378181987078478
0.12705049442433847
0.08041409226739726
0.21493497553002416
0.25301172684823503
0.11088183650003969
0.231746887649115
0.2755597543260303
0.10064109919623021
0.2722772926427597
0.18222541264946746
0.1297494656838526
0.4923019499596023
0.3176391996200343
0.22912070531064543
0.1666739859828903
0.18001465765839275
0.09285380228300144
0.2254346088278616
0.19054809254397054
0.09108156804680767
0.11355005413580976
0.2028236206012266
0.059282563742003136
0.12869467986526262
0.07704645236309082
0.10156510498239013
0.3417527813041634
0.3071673865658492
0.10323081181286453
0.3110581763170873
0.5768552528989512
0.2278936202361469
0.5703368964370019
0.30475865919760514
0.2175329921724124
0.22860161035951854
0.3464031851277003
0.16564420975777328
0.15443696005579877
0.25247661418690115
0.1053881035005857
0.3950508429674129
0.2827169048691591
0.18954394844727418
0.15968169023823675
0.13879181300955534
0.09880751260600518
0.14495145041042234
0.16781375382813646
0.08954933030241907
0.2582216392089677
0.7694439076892157
0.1996179192330123
0.1678107257333077
0.21431601806978018
0.10213499852858599
0.3425271653910654
0.1995406918083713
0.11487137027703787
0.17587018180736147
0.2179798231979796
0.11347625948680873
0.12614475704779837
0.2726730167749172
0.1015217595732093
0.4421377187956259
0.31349318897255674
0.2406987943010861
0.7153424073216206
0.2531616433976508
0.1911038595093355
0.2011411146217802
0.32690156881028976
0.14922248716336906
0.11402903497793881
0.4865495506323436
0.11252140280020217
0.12486800238793627
0.19462909753116064
0.10973565463201762
0.5174709590080817
0.2355007102661434
0.16701097569417034
0.23367685373016978
0.24513096494660958
0.06883230349630998
0.7211860786273709
0.2802913776837894
0.19102343940458266
0.4316053596897843
0.26932481226333693
0.19355473952053193
0.23594913804495132
0.14997412755360073
0.1045429304506229
0.6697708892898464
0.2576635026714783
0.1773245522824145
0.20802889747737696
0.1910716572880743
0.07994800739579733
0.4834457386765577
0.20414800090653307
0.17030715466907842
0.3362529630205153
0.3548651656297618
0.12192033481927256
0.2271053539593021
0.48772735405226986
0.1514738475867462
0.5604503537017465
0.3155118319899016
0.18894988381966182
0.3383627998361639
0.5520992677807545
0.24968779362816973
0.29238470780773107
0.2080282606596422
0.11259494118592173
0.23636813400312928
0.478560478280612
0.1872735800679467
0.31627131246818463
0.10882698014731029
0.05233766248389671
0.4594286871376011
0.6832434716232683
0.2813596297148119
0.08761634693645592
0.19928610238847122
0.07245062467156194
0.2128743636091064
0.19515079977995897
0.1240529692499378
0.6678202652906851
0.20286462911611824
0.138159995198599
0.16719134156523285
0.3215847013845069
0.06222495190531163
0.26046793306845584
0.9383940431302801
0.19355400922791832
0.4239483536745843
0.14332171721741094
0.057150006495314765
0.46415034426540924
0.35043252304845196
0.169416871326595
0.37515451524704335
0.389003493432724
0.12041756397834236
0.25786539211447035
0.4255970033214207
0.16897088003289507
0.21249346307773886
0.6105001520103369
0.16710705431186268
0.35715855695297183
0.1924404039461074
0.07858799372825243
0.28389262047405284
0.13189141373666735
0.13059879405793418
0.2981429375616864
0.31632521001358194
0.08920586077160686
0.1781437280072563
0.3176297508013304
0.14339022827507375
0.47759438657044284
0.5080354153074478
0.06269993607894064
0.7966473859403811
0.397606932981182
0.283800124877691
0.29925691949761346
0.21206052816208443
0.0823116864385921
0.24216270984032684
0.3173671083394001
0.09948402318232741
0.17593239767185553
0.9475628851035296
0.12676377773869496
0.684149844930958
0.19889422632839415
0.13404468602685005
0.05567840509616162
0.248467119888645
0.04756350123715525
0.5815041794236835
0.22955068426289238
0.16837730138136298
0.5328324782244016
0.3020438923911116
0.22186419330021512
0.2737643304253983
0.42595230376711024
0.19243556804954665
0.231655524213094
0.4988173588932814
0.1667174718610498
0.20904315332023204
0.2182985366844602
0.07083684209621943
0.15335447407490177
0.2865340349008829
0.09001355559411728
0.29758774806469024
0.6302309935946089
0.20272272362454558
0.38048514729275573
0.33375495075247374
0.13040402728886058
0.2447787622301788
0.28841902895630345
0.02712016340425527
0.38046754290374984
0.44735836381874383
0.13065111078991132
0.38498153330921525
0.3955351085058345
0.08306324555446065
0.46001970260742153
0.18317314992304123
0.14025536339764832
0.24082175777117898
0.38460620876788965
0.1710894892000182
0.20753207580378186
0.22998408575974472
0.030184006918595574
0.28887974443427367
0.6279217275605378
0.1720311298395133
0.27236361285820254
0.3429012535891466
0.09292783719471609
0.3808529766942961
0.16157948689238866
0.1147241050122152
0.20714423148883965
0.1290282371553806
0.10244416515564647
0.34562919978626183
0.18449671945801172
0.13956884424924876
0.719522971374991
0.16408532273319876
0.12985166969147022
0.0960744846866779
0.09933327758535482
0.023972098451653823
0.4902327555541377
0.15076843402689288
0.13420187990627386
0.22967781868272052
0.5366412863396571
0.15604532045509312
0.1998702368990013
0.2831640858231109
0.08215624543124456
0.17740343202014297
0.3055360227856152
0.10644711755427017
0.3692813275474678
0.3257628000125875
0.09987256684150525
0.5062705545329576
0.27743448668647575
0.16798991070655545
0.20577913383798763
0.5895687198173678
0.12539401413144968
0.6514034820970163
0.24251627603361325
0.1847707077371027
0.21411304274594578
0.34605385347471096
0.15662291554066354
0.6729762509727334
0.21478191048660944
0.15442077988129355
0.2232462021308429
0.22477173375639414
0.049593856124947266
0.23322565981770427
0.39897293982783555
0.1679890682476789
0.32343671087402726
0.18969215442895104
0.09473171023659344
0.2788476910570781
0.5205874159666217
0.167421548332781
0.3902575967896822
0.3181813493033194
0.14536481434739346
0.2504167277428687
0.31550151899215273
0.11154629299005625
0.04053042361794368