 SPSA MINIMIZATION 
shots = 50000
{   'fun': 0.04877218182026366,
    'jac': None,
    'nfev': 541,
    'nit': 180,
    'njev': None,
    'x': array([2.62748295, 3.11224049, 1.94041575, 2.84200046, 5.14760147,
       5.70492905, 1.09981853, 7.97883796, 3.55714013])}
 

 Best x Found (Tracked by Callback): [2.62748295 3.11224049 1.94041575 2.84200046 5.14760147 5.70492905
 1.09981853 7.97883796 3.55714013]
Lowest Cost Found (Tracked by Callback): 0.036608883325781716

0.7890185237358803
0.7898384431621412
0.7861691298524351
0.7936142816151324
0.7930748878002709
0.7904331874483135
0.79126537468555
0.792101116369283
0.7897850743565761
0.7910709593101278
0.7910505472707087
0.7934268088879447
0.7872119318993278
0.7870943565644041
0.7949468505611599
0.79266167250701
0.791929723262759
0.7917895256059345
0.7902985149216988
0.7936185878590192
0.7886967433527865
0.786963618702541
0.7893536147644089
0.7887102941291896
0.7912891371770392
0.7893672420544775
0.777538785380425
0.7934055179384785
0.7900317111610644
0.8738668327315285
0.7184938323220231
0.7502354269830752
0.8126582178880943
0.7259738054940144
0.7429722787722146
0.8492726733514729
0.7614401155770623
0.7406519476488542
0.8101639691052287
0.7426301736372578
0.7408041252301321
0.748806074096168
0.7783339265730846
0.7350179214098604
0.7530708712669261
0.826253706586223
0.7343996971994733
0.8356758375167828
0.7270610456642519
0.728647016718909
0.7131678202456855
0.812108559830683
0.7116010386609806
0.6103864619966525
0.8126627571803342
0.6542628016351315
0.6400627844640938
0.7389655838903066
0.6486105395087076
0.6992981620927274
0.6412548785488992
0.6355092411313076
0.6635739314344548
0.6754167207136467
0.6377857694131568
0.7031208330071393
0.6424508629969423
0.6330840664385262
0.6661535385190158
0.684271478689083
0.6357378327856319
0.6735163381275454
0.6925190521332866
0.6336260806936665
0.5926615049783768
0.7410665698841761
0.6107298138641848
0.6631831913696637
0.5840389610006597
0.6052363404620559
0.7103158119576092
0.5583447034401913
0.5669966156306447
0.6202411549076441
0.6374426698504636
0.566073661243675
0.48138483518373265
0.655719588402585
0.5207416805608249
0.5114389899020232
0.5549649848371077
0.5196072670119274
0.6127933534345407
0.6074873810609887
0.5187062164379006
0.6542786401998297
0.4419509558458844
0.4696025034794311
0.40040037812793217
0.622680804321924
0.42143603489715187
0.5652371656490822
0.4677493407962645
0.3941665925634631
0.5670738198346339
0.37751248149126904
0.3754182905623372
0.36406790624840435
0.5302046597932535
0.35274210729869615
0.33211647457841764
0.5036879439770425
0.29267984227190014
0.47722362234517457
0.3738347949207237
0.2911660839580862
0.215463290919214
0.38688889579702557
0.2502946703971789
0.2847266119742804
0.42091026641663365
0.23810342476958435
0.35992646887521174
0.20801770331373026
0.20999615033791397
0.32021087485768074
0.2929466750340012
0.21114736085666996
0.27382396687181043
0.4590218125367841
0.22158793403167154
0.32274902087127055
0.2342947524063551
0.19039489235886553
0.43671017136672075
0.3971242327466977
0.19196318621783537
0.21667647859677297
0.3886426549357843
0.160088289567472
0.550775555911553
0.3546090277018339
0.254768476026043
0.31901341141816464
0.3248292622664706
0.15737362742495775
0.39303209281589746
0.6807118735607245
0.26436301208549173
0.3062584721384257
0.29655992892170546
0.16245507224264832
0.30876696831429606
0.2880573645514146
0.1610685287959932
0.46174371444011153
0.32773850681963146
0.19404356377312437
0.3097856603265198
0.43862089132044946
0.1922511326751405
0.29076940304251675
0.3163843869070748
0.16482528414427577
0.37258840341837196
0.3531715510999831
0.16039157918100122
0.3429665420887844
0.3172940457787886
0.1666092726320707
0.4721123631800208
0.3265750612697248
0.23744566025994673
0.16111396510889642
0.3041216000886564
0.14800918625246828
0.7038515036749601
0.36140334035417476
0.24739891238861444
0.37919264587706136
0.4468572517699625
0.13806476613652807
0.3458350924046346
0.25610816038903506
0.1294790985584363
0.250319075377046
0.43774425115768445
0.1931089039986459
0.3075809331916217
0.46866772550288704
0.18225342285645918
0.19716901189622282
0.3433341626949792
0.14972451282550436
0.3564679522798576
0.6234092991609429
0.22791355106072453
0.3247112354040569
0.2903816442352257
0.13887456564736822
0.2659871872715128
0.20026427592204432
0.1387982781540501
0.19880436250701072
0.24255564310747424
0.12572367497677428
0.29568691746148035
0.22329010452855957
0.12453560346181591
0.448141724642263
0.5241974428723866
0.14346103370628938
0.4600707838861844
0.2807109552163324
0.19715926932529537
0.4049727416135436
0.2699989567902489
0.1548023008378776
0.23471754611930395
0.3459954270979465
0.16032359669475937
0.4544922975181387
0.4420296071844877
0.11923996471693565
0.3286016689921458
0.5883952529153458
0.2093048027634259
0.38035810445777496
0.4197133149751803
0.14336822528147053
0.3158138827548601
0.32875853643795117
0.11642519198237411
0.297064698008473
0.3007325729060114
0.1271789165163565
0.2386176824853552
0.23847975290752388
0.1121321867342594
0.3630154315374178
0.4576247843851107
0.15794041632498046
0.2580431919482389
0.3786287837695249
0.1571036659097157
0.6164490324084869
0.4376098771775222
0.2649831982934361
0.4465023407125388
0.4873023333912213
0.12241809540981263
0.20271009739530343
0.18418469252540526
0.10690666780209523
0.2504492263780034
0.4020386554552233
0.14605827971578222
0.482545628266836
0.42026001977074257
0.13233564968917144
0.3447416765157154
0.2981901959860648
0.13121130588973007
0.39424446719455464
0.33614774874365994
0.11718084656821592
0.45419981859452974
0.4591982185489635
0.12980707731172691
0.3805311967877
0.370649206074237
0.11839276786203945
0.3526751089704685
0.42383474209863636
0.14568793194948948
0.25708320635760906
0.2850817449719013
0.11068452488687797
0.2597664142530436
0.3208653026917555
0.13721777823374337
0.41404857297002073
0.3687140324295707
0.14703178550312446
0.26264082946035994
0.16199909131416046
0.11745606611339288
0.2328292538356147
0.24167011245560566
0.1334110449976832
0.27469749739164584
0.28240898708903395
0.10788660717782805
0.2423055398042624
0.2673594776998246
0.1032457310221474
0.5475914146596312
0.2613498561528639
0.1865704324576506
0.22406025363595472
0.20050416296720586
0.10982808117696641
0.3512056921952533
0.3721149855780531
0.139882234576729
0.36540729587666765
0.17969889633103242
0.14295873774001822
0.3301746257198719
0.4383402840570092
0.15002763377004336
0.24279132974648443
0.22099253334476665
0.13306006773141588
0.37109676251216106
0.3070062400058907
0.1297532015146622
0.3660630801089627
0.7269959055184743
0.23433778742514966
0.28063854021014645
0.304770877616538
0.10104520490409041
0.2724635787358599
0.272752249577237
0.09971021007129122
0.43785993455468264
0.38058143385146237
0.1556896354140609
0.2838389404666499
0.3109605431318837
0.12097202890446912
0.13836155465642586
0.23226216318373583
0.11661059104545435
0.2541449579889419
0.39794858780927145
0.14302322605490903
0.25910903367623817
0.2552029749829807
0.10471308435924254
0.440070848846827
0.4925534969404327
0.1295195621820564
0.1819007488873161
0.5297131074767818
0.12346626067148603
0.5730031263198498
0.1906094678314274
0.15790235053278057
0.5414896082438367
0.3190619701553723
0.2148541591619807
0.3538582054888586
0.21058274366537355
0.14154256411900523
0.2404433117429714
0.259339226138098
0.11029127043860132
0.4415655374650117
0.3291888021610002
0.1520434695500832
0.1742923450670314
0.14773074735580505
0.0974886678958179
0.6640841308137211
0.40419174048747386
0.25442148838893675
0.45605389145849906
0.3901207013145068
0.16233643072989734
0.24097074908554994
0.24336250290573136
0.10777925301182933
0.29535977976217
0.1509031925401112
0.13780682074803097
0.33313748917264974
0.5664864452093072
0.22433886818980664
0.1758785811530058
0.3128818137017422
0.11649392264691183
0.22365192322134264
0.24481512935883032
0.09853281887233556
0.08385239275095668
0.22319281170520422
0.08473429164831037
0.40623322900460956
0.8466522273954745
0.21587450429038335
0.6176883036692857
0.20537687455899778
0.12601919418580676
0.6671586463810931
0.22075479563906575
0.1380427318863955
0.339576642786959
0.2780123709364142
0.085277120698385
0.34374877133980497
0.4314773317971837
0.09941133225603094
0.41979064568176117
0.7536301802911535
0.22793146719554014
0.14832267356085327
0.19123751605109696
0.07761678146622097
0.29192330200532446
0.5796620948473132
0.16862231333321465
0.32977046091075446
0.5065881262073411
0.1893390586072704
0.2851308973305957
0.757425286186916
0.1827749721607541
0.8286564879691025
0.34471023133274625
0.20171050895843323
0.4337681509204552
0.5007310087856057
0.0850655036954856
0.7049301178587694
0.3828696904211
0.22524875684372636
0.6114662456599406
0.2719647353193737
0.14506442547434895
0.6268262388853914
0.6568442392259047
0.09656153600888395
0.7771088563694812
0.3298349355470386
0.1858183852044082
0.4158074473272304
0.5218059244115765
0.11872586094674586
0.5061230489283786
0.8490514408439576
0.2848386155891717
0.9344025449419704
0.4150747173177587
0.2290586754201528
0.3819830833299144
0.35512987020235953
0.07876574764618449
0.5815399583799392
0.3119532220772945
0.16972566488282703
0.4528654504193823
0.5948786297552338
0.16840433672978516
0.32700551993041616
0.6659221501003149
0.178418788814094
0.7412895080752705
0.47640897164403884
0.2894881902741955
0.32890771594496726
0.18546343879839555
0.1120694334549337
0.26298450975681986
0.2905392491016613
0.07016384812606757
0.25994195224160155
0.793652766921125
0.17440845798349414
0.2893439728772105
0.49958769331359
0.16662271342072887
0.21872751446398186
0.08799603974133474
0.060290835362428075
0.15694653815551596
0.6402070373591869
0.07075647769297333
0.4501743304434277
0.897123708836368
0.2573914601523002
0.3426844406931491
0.5337733197641357
0.21790880169957505
0.37863877567420967
0.6596783426418324
0.23024246408000115
0.5573186760270501
0.9654531936288127
0.3561247112342276
0.5643991380999046
0.21444208977326207
0.14614847332196623
0.17959437773022313
0.699887838325215
0.10673727316463044
0.4049333820535489
1.0212941921541894
0.2255461319508857
0.6815571671520708
0.34339332736919803
0.17447205694005619
0.21035844296144834
0.2409088442195162
0.1112512569579589
0.42757059485054727
0.3894585720411292
0.05416760012139321
0.7606789041381078
0.6423801151822179
0.24661483039110554
0.7810680121292625
0.3686104948308885
0.19607302312574526
0.5589738646053918
0.45864340683612437
0.12658805969491282
0.5878181737360311
0.25456968190756313
0.14615876656972115
0.5285216771963686
0.43098697680681763
0.135957507132776
0.82205933770692
0.37277969732404037
0.20491002689525584
0.37562921956863893
0.8492083915154776
0.21981238214213772
0.5577764890936271
0.5756522446524739
0.036608883325781716
0.27656609871347526
0.3427962499879392
0.08401688420853859
0.47565731641332054
0.8986458220307499
0.23160616812015222
0.3463727490582069
0.8078346860462013
0.15745773943043517
0.15697250108203298
0.4565557867006461
0.10827234619206771
0.25841499936743595
0.2828128405969811
0.06252883881916971
0.37237277874616836
0.31677532538635744
0.07947772237561002
0.6406136063425738
0.7726168866601798
0.2180658041839343
0.46120238278625625
0.9693038291135332
0.23473269401228025
0.9268357832011237
0.448659889828381
0.2604151199856731
0.3160149041128938
0.7105121372416767
0.10934663936697686
0.23064952720785048
0.3865689077908895
0.08401715382182418
0.04877218182026366

 
 
 
