
 SPSA MINIMIZATION 
a, c = 0.45, 0.25
shots = 50000
{   'fun': 0.19336451389579556,
    'jac': None,
    'nfev': 541,
    'nit': 180,
    'njev': None,
    'x': array([5.06602986, 0.07500693, 1.23815328, 4.7275153 , 1.32442766,
       1.68151489, 5.99921059, 4.53567456, 0.88092974])}
 

 Best x Found (Tracked by Callback): [5.06602986 0.07500693 1.23815328 4.7275153  1.32442766 1.68151489
 5.99921059 4.53567456 0.88092974]
Lowest Cost Found (Tracked by Callback): 0.17221869911836196
 
 
 
0.9660701264467983
0.9658485250845672
0.9652815724254579
0.9671464903415917
0.9649962567770045
0.96617708376107
0.9663257035111079
0.964016700042248
0.9649235734026266
0.9634918734427712
0.9671738323926771
0.964438241322598
0.9661948185124544
0.9655054665571343
0.9644159341126567
0.96591581302918
0.9638749553764498
0.9649863564507778
0.9661032308209073
0.9651768888506285
0.9645367523564272
0.965716411239406
0.9657552039159367
0.9646791905514607
0.9659296081175216
0.9641072596272003
0.9882261344406191
0.9170815215351791
0.9557978448662721
0.9979986790839227
0.7795048083062404
0.8667225757255645
0.6628658692273233
0.9860096950868593
0.7320373928008468
0.6624583555981265
0.7877202887786976
0.708592425299405
0.7419268714571596
0.5338995948758869
0.6173542253105031
0.5613438152077237
0.8092797835377992
0.5514018151129627
0.9310419157040509
0.43369892753871875
0.41745016905091403
0.4367370245963009
0.5433996837475205
0.4125141987021188
0.5211596984327435
0.3750932328675203
0.3561347877275205
0.3921057983499838
0.4604255999071868
0.3585675122043136
0.6217845099172469
0.2889478569002225
0.29381607212066174
0.5537151363230519
0.34731014323479803
0.3103433592319593
0.3444661878587495
0.4848499039599109
0.2946743337946033
0.8060989196072946
0.4095272186549076
0.32916508566101643
0.42082343088540286
0.5804831073011147
0.33026743881046094
0.3677108554957115
0.32567032651702843
0.2933082436673434
0.3769890788657613
0.5132884973434997
0.28931870330882303
0.35930127418789604
0.45352337199540793
0.29028967058192623
0.347228256720856
0.34241462058515004
0.2849030810995583
0.42287889184990546
0.29105151427260156
0.2725392046642672
0.3137146943542033
0.3650277843463867
0.26104330272994014
0.3210473947819147
0.3096214747933027
0.26085546390339287
0.21615056353673145
0.3204858308619537
0.23526459455520488
0.22177820729541353
0.3442582416419563
0.23262491719367662
0.2251608994334411
0.3984867360624976
0.21501861742967043
0.2687801978243388
0.28996899813119636
0.20040092713326207
0.2721958112600896
0.19369684496503825
0.21071477073088907
0.2999663569603661
0.21736850425623944
0.19829083579571083
0.32717078707766034
0.42670284079603327
0.24165532513725596
0.4619034543824948
0.38835715524523606
0.2416442280819645
0.2530243455416973
0.2935694031903312
0.20427608577834855
0.3085176200129125
0.3188589977171714
0.21027668102024355
0.37554676053530556
0.3656873708151114
0.21278581283476672
0.24870401289698063
0.22426330382100979
0.2077920282429201
0.2672806041637589
0.26781517815950995
0.20837125603241669
0.325461853306498
0.312145215613449
0.2074851045121452
0.3811659618519241
0.6404497795599161
0.3048399865968655
0.26997442516605186
0.2878609737303809
0.1997406200566587
0.4063014648630816
0.3237567217975664
0.2200533954734789
0.27108654488064265
0.2713272304756934
0.20702323783771615
0.2592895854314473
0.30567384598162395
0.2142811752985836
0.30358657307692305
0.2817622783232463
0.21011556201385673
0.34731832488496317
0.3516105383529593
0.20184183471904904
0.17828641586309912
0.2751968170203386
0.1986595514941356
0.23952388390764023
0.24519584224697366
0.199276106057372
0.3538432092588062
0.38903159376568364
0.18750785530980452
0.2499713386197887
0.305911099370643
0.2092882524999854
0.381063907634108
0.2933904466567214
0.2040279279419881
0.25084707659474714
0.22355096004542918
0.18954419433976144
0.2631903206041225
0.2724244349825844
0.19610220939271394
0.31136870535214056
0.3744787511782329
0.21456901382931315
0.3987517905491327
0.32190091986994995
0.2191452026851627
0.2153418486609574
0.2160110652861721
0.18508822527474944
0.23944794467909125
0.32622520811817257
0.20836755245244576
0.41669933005448445
0.40824825701520207
0.18942219646261782
0.1961814271434399
0.23107064158867197
0.17785916717863504
0.535979910263755
0.3096952454279396
0.2556527428056137
0.32418541944257273
0.3187894520660708
0.18989444932197397
0.3042800468899338
0.3233268578171701
0.1933167591332704
0.44246057848086096
0.24558105820203968
0.20341297492836685
0.31599266527621517
0.30424307959608854
0.1827249462546151
0.23311632660801618
0.22926195593306797
0.17828415476039405
0.31285760471024837
0.3039150610973338
0.17372315283391648
0.25377705898962677
0.2840701511503424
0.1992748170630998
0.22048430927801643
0.262029653761511
0.18344014054159818
0.2922575915027722
0.3154945753368149
0.19009071029211566
0.4395403621688383
0.3301022075276656
0.2289229444375408
0.3850088574152968
0.30702972621361935
0.19396028608541616
0.34617621652708386
0.42198167119993046
0.21576299465921156
0.3981288474408997
0.7054102158102646
0.2983191544946142
0.33967146727233677
0.23408515123876272
0.20086896784469943
0.3225343992429155
0.3715751913185611
0.19431798611974826
0.30786715702495593
0.31650928189514527
0.18900359572029923
0.30854246788232476
0.31794062693196556
0.18544275432313828
0.39109023534173126
0.44483276209642264
0.2001027266216895
0.36993825968562677
0.7659836363924121
0.2937641074455096
0.3505172418831676
0.4309405419687262
0.2101356404829161
0.2090407839852435
0.24583609661658012
0.17996844983869864
0.31878917639211934
0.32149054264426125
0.17935762376948927
0.30596884420110493
0.43600190807119577
0.2368414881010137
0.3514172916274151
0.28581906380440314
0.20456992050817002
0.3115661357880959
0.33853118117482106
0.18944223670264826
0.2575024738965831
0.2873170172894497
0.1877194232292536
0.2499347851346141
0.32784801443109846
0.19222981777614012
0.4812812479565012
0.358195269814089
0.22765829436400464
0.5236260388358516
0.3490563603248522
0.2804039059794009
0.42817132678247927
0.3202103097859632
0.21038879577076264
0.353008200851064
0.30004193520707545
0.1858576520490851
0.29179682100948523
0.23136655237912385
0.1957816709252883
0.29379300528519736
0.2710573771438539
0.19404076835646455
0.2700872649186259
0.2820081391056388
0.18292688954544034
0.2669905266180931
0.25600158406816753
0.19140104100094313
0.29321921670121986
0.2825926577056107
0.1893050391250125
0.30417381224104045
0.4379484713508125
0.23643269957537516
0.23677033352114996
0.2959418784346646
0.1867496913646043
0.21597674603589234
0.2615200832472533
0.1901459323723229
0.3773431493080964
0.7701789905672536
0.29115260850160307
0.23900649796433415
0.2658614026372834
0.18250549216488932
0.2787749289321735
0.3121355376482703
0.18071179357337708
0.30856549689476853
0.2645442537552284
0.18549474540271293
0.26157221461129243
0.40365821739916596
0.22299608282189365
0.27044002907438136
0.24392053499899435
0.18954975167024968
0.3405315577039779
0.2871770629882151
0.18185728891663577
0.31044256527927727
0.2584213616950004
0.18943985895103777
0.45224326398141124
0.3959072173397862
0.2002070665542971
0.4490979953968183
0.31587428834806097
0.21855822519187162
0.26667495587824364
0.37771029519264354
0.20463215665861745
0.2815775732982315
0.3880551574286527
0.1971892840384899
0.30188840544845374
0.3970569478167367
0.2057935936897226
0.24338900295613952
0.29534533835036114
0.18186510814399814
0.2794713536695409
0.2959852460540443
0.1962827146536985
0.39107719072644753
0.28433704508897495
0.21591599803521988
0.286826602625579
0.24087872631928642
0.1948337212243081
0.3581500800726025
0.2727010225015316
0.18550659163899874
0.22313665402547378
0.27000580550442776
0.19012425650879905
0.3316678549047998
0.3987207915118194
0.19472374482163646
0.3101997768938667
0.2630490683774007
0.18560910168832212
0.39047612031959444
0.33557755296703173
0.19720148573729557
0.378998424716274
0.30651708683265966
0.19293764202086694
0.2711578850563997
0.32899728208164647
0.17874260364136785
0.2605936070191518
0.37475005784091453
0.22885552428419764
0.26352405938036283
0.22686191797597777
0.1856672060977086
0.32033238135569053
0.3635292383288624
0.19548138177524466
0.30173542334300385
0.3477700431531823
0.19066845792939302
0.32467446098667985
0.3492131776019375
0.18053791560461818
0.30841204625899876
0.5517026562823198
0.25767765566257705
0.4994866661430204
0.3259377501763202
0.2568788522033624
0.29771408657759835
0.2690824130898585
0.17971903670779732
0.24466332800209845
0.19745528658271838
0.18102105420778947
0.18595895302526055
0.23158430445919975
0.1824815653458982
0.24188637867449436
0.25331788910094677
0.18810715932290645
0.39144230137213754
0.7892303323209191
0.2920872380239228
0.30782920761126387
0.313154700487821
0.1806797046576364
0.31411598459041645
0.2695494580787213
0.18146272534304986
0.6621968075545427
0.36423931475830074
0.27601177628050333
0.3275173059984452
0.36195510262539043
0.19175064796898655
0.4518453045227525
0.3194200727586395
0.23635713941809855
0.2694227659751317
0.3069889226001077
0.19371866713335673
0.29395654678050576
0.34456238938618733
0.20202957190351434
0.30075789615724924
0.257325886828242
0.19888307606538358
0.30168250210166014
0.443061693225524
0.23930032372511756
0.29763270459807956
0.36646624043067955
0.20315439721979534
0.38710811266778233
0.300553409991545
0.19729909137991597
0.30002167036308036
0.5468238683838138
0.24687559469671216
0.2864382105979284
0.23840590412323304
0.1838324042015742
0.33081348000403543
0.5083122648328066
0.265444433877825
0.1936565961609077
0.2266925300719681
0.18255531192375374
0.31248735134321937
0.3095250862192088
0.18216351035160017
0.4461332229823748
0.3910688725811211
0.20738339124514127
0.7197793801077923
0.3338698037239829
0.2702652637485191
0.3447738143168716
0.49099985648300326
0.23673266621406297
0.2562691185177641
0.24370879743502893
0.17684909343161603
0.33603661246343175
0.28494672867174364
0.1938968259450491
0.2666653656408666
0.26305519600313687
0.1887062151215224
0.2523436754333057
0.28238988546441357
0.18477796687684045
0.2496091058315335
0.2476500893719893
0.1746806093049711
0.3187282162125965
0.32840999774006197
0.19052432799742636
0.23819358763023357
0.22411637013378682
0.18804383140515035
0.24551469281697158
0.24766138523128534
0.18457732691063344
0.3162039743480376
0.5474589159669117
0.25374657561913094
0.21692335065521928
0.2442050547967538
0.17737885630352535
0.3548924801294415
0.290930614224035
0.19209607828264919
0.15935273520987803
0.29545635375811186
0.19142014286393272
0.22843112051479975
0.3188454036268277
0.2017895236859638
0.36613528203223167
0.3065623355616597
0.187220651037184
0.4653413386782743
0.29893790361658956
0.24360246851165834
0.2568108719836215
0.2939734382245113
0.18417087741057336
0.42084669236581596
0.29263028252435586
0.21046534036875797
0.5094302618668309
0.33293597775184236
0.26284587301340545
0.5366000173418332
0.3266349783853767
0.2631507967996787
0.31411456143362004
0.5418916720772737
0.24108023041644366
0.26981089648116274
0.33855880302840813
0.17407402135726124
0.24250212176409436
0.2229097972827494
0.19544715434060356
0.22795720740121195
0.26561936085905047
0.18268016644534835
0.27868359756053107
0.320389474521363
0.17221869911836196
0.2611832348934514
0.2853806571178543
0.18390131265639464
0.317952774567847
0.29496995697240913
0.1826605928985615
0.21471157751564074
0.2876865461437158
0.1891549230591677
0.2509547452225601
0.24142748826334104
0.17926473289955436
0.7942672212591966
0.35622023843768835
0.2665610531567748
0.19336451389579556