SPSA MINIMIZATION
a, c = 0.3, 0.15 
shots = 50000
Best tracked params: [ 3.10575637  1.5287271   0.42681931  3.1122561  -0.66945441  1.39603543
  1.55326802  2.07694074  0.87419756]
Lowest tracked cost: 0.031271097951454885
0.9965176601219373
0.9978906283508056
0.9951854509076599
0.9945268792977351
0.9963361127911026
0.9951032218486346
0.9956969720142215
0.9964263953711955
0.9972699467242228
0.9968672299443752
0.9973531368518364
0.9963919417379103
0.9964612977143904
0.9961183611582867
0.9957666849669484
0.9966993131096421
0.9978349432155346
0.9959892846866469
0.994936196926405
0.9965555950036069
0.9951472910045059
0.9962685307972902
0.9994381919109334
0.9968871495482983
0.9971518281144006
0.9955944015501303
0.9890946197217579
0.9997626069270813
0.9952911765502328
0.993928125513958
0.9975085739499572
0.9973893935799577
0.9910194527946087
1.0012723928416312
0.9987859709394579
0.9938396349022798
0.9960785844001661
0.9973528661520472
0.9961105705765486
1.000828752260433
0.9959411413567231
0.99759606237981
1.000277725442334
0.9918065347100625
0.9897555680351694
0.995677713298663
0.9946301430281731
0.9914924678159511
0.9964417311506678
0.9955339248907621
0.9937807533345271
0.9932971193702986
0.9946029166134419
0.9940355783656741
0.974314947098254
0.9911311234619457
1.0004522451905435
0.9900486368648108
0.9941418162000809
0.9979485331324809
0.983199166575467
0.99291867435675
0.971226995615076
1.0010440528412026
0.9881214320197522
0.9997315897434988
0.9518444266565329
0.9786748658032177
0.9937172265446811
0.9501784017477056
0.9717727121340759
0.9889892835412706
0.9597075839424236
0.9698501642327584
0.9847009597996728
0.9345337016181419
0.9609289567895575
0.9690113381945138
0.9655842101878882
0.9597282272790714
0.9497337678383996
0.9575532514531068
0.9595615262073859
0.9906290655169853
0.9082615178738275
0.9321974356746103
0.9584408382439531
0.9019529678636953
0.9222717194061799
0.8900858103976801
0.9490956347685497
0.9112167424930394
0.9289907694769601
0.9055531866146314
0.9104836049671389
0.9580361464300955
0.8401159133867578
0.8653722562579064
0.9188325940343454
0.8016215714631495
0.8219343036247255
0.8230296899484932
0.837638373890504
0.8199542151754324
0.7987965817230761
0.8228670812012208
0.820376898160686
0.8131564439263875
0.8347110654104901
0.8144327452992771
0.8053738037615431
0.8503555202872215
0.8092472140789914
0.7036620824613433
0.9003148115783829
0.7446484449813329
0.8134908667876346
0.6636425235377994
0.693803221065789
0.7778072657890724
0.6386062889921325
0.6558834304599115
0.6552340085484418
0.6754661710868894
0.652077395108344
0.6903726909781391
0.6100958291560322
0.6328205813097109
0.5433376921344636
0.7211994301746382
0.5689490431194291
0.519737742906474
0.6183734246196002
0.5407229580472452
0.5344470798459267
0.5722217059118633
0.5348288915419543
0.48285895084275743
0.5905526155853789
0.5040192009896227
0.4787616817531273
0.5417231750705515
0.48327441568468976
0.4714077028402095
0.5878869166921121
0.46865122426691685
0.5901409776096502
0.33513462518589765
0.3804265158979975
0.3827918509352871
0.4208425479498653
0.3758310969224633
0.3760267323996702
0.4227249500668715
0.37957394227391494
0.4705533468076989
0.35698542021366386
0.35576717894544063
0.41844067062237544
0.30281432777706374
0.3219888715666511
0.2462838164297836
0.41884994249962626
0.2583295884249719
0.31338669748154724
0.3388494989454599
0.2544946213241922
0.3621504300158095
0.26567489677502176
0.26253099723814644
0.3382175077617562
0.2826967720112159
0.24975022149908233
0.36552037064838017
0.2269351109276181
0.23422911778537248
0.2915542591044067
0.21026713109790307
0.2046444807947202
0.3007955071722527
0.2783547478567552
0.20257739046812107
0.4682613712972724
0.33213553829388454
0.288532131211512
0.24242388899491518
0.25655363611907545
0.2091802979577686
0.2878492536911168
0.31181610514768665
0.20705043368879383
0.23200464116215913
0.2349004603267092
0.2132949668154639
0.2753412282394443
0.2821431531163494
0.20659048139795877
0.35715512634754687
0.3255540391638658
0.214434460974257
0.26078182107938463
0.21509566235154465
0.21426416232028722
0.25537164211521945
0.23632047726498473
0.21730712610742398
0.24908084603530078
0.1818933638923027
0.21333850808401855
0.2964970751450541
0.26380019460074067
0.2052700124245581
0.29512644101128926
0.28967790713170916
0.21211249609419913
0.24298486150248066
0.2756890510428429
0.20168741217772634
0.2466483199725873
0.26393940929331783
0.22011096225902205
0.25174606504356256
0.1995545163149146
0.20447545200193384
0.35731410895228555
0.2707366059070938
0.23975166203404463
0.24415785317742433
0.26596056549323677
0.21258169784922454
0.2556088117525077
0.23680571937753292
0.21312361046872608
0.3361619910691557
0.27944629951303057
0.22740672107752613
0.24501043590813165
0.27808794526115777
0.2116776276914326
0.24602455447455085
0.18777074771187408
0.18853507740835262
0.28280398840355625
0.260471903126529
0.20428052677135533
0.2505068193223595
0.21664340209954558
0.186762562591127
0.2659648502244828
0.22741467278216643
0.18817145228915622
0.17533519033572886
0.2123592359785721
0.1912681729332979
0.2736603925538289
0.22213350350178918
0.18234037376234913
0.23675122239546642
0.21027309106024805
0.18410602880717908
0.21182496280328356
0.2715435826463779
0.17428243017410505
0.2824538690502578
0.23559237217291995
0.1727431918012019
0.3114328923298405
0.35838403117322737
0.205134012019761
0.18400893312851108
0.17691676663059874
0.1790762953846834
0.20862124172248186
0.21301970221596012
0.18716951279362803
0.23243834323880797
0.27311630470219916
0.18938910971232203
0.23736857191889515
0.23436885120067552
0.17443736011905608
0.28391028441600963
0.3474494784925505
0.20464015559906112
0.361687706579516
0.3545962406601808
0.17025530195944505
0.30245229492189607
0.33838237478163724
0.19169362307736137
0.49164795523175375
0.3127234394278865
0.2561915958161074
0.23703308245084365
0.2762582514943399
0.1771330242222925
0.28794872954489714
0.3180934881737211
0.18270737996826092
0.11756492085814907
0.23393677357636333
0.14844775858130554
0.2511812852871175
0.3439532864369207
0.18600395299306094
0.18660864009834754
0.19981953766675853
0.1457819979696845
0.4701230727640544
0.2509826785200082
0.1919947418483473
0.49253354715972053
0.2889605504861035
0.22207782954601807
0.269657586111001
0.1843555520909299
0.14725977936158918
0.2749856657026498
0.2774229394232478
0.14386580858479048
0.21208038134762197
0.2205456235239639
0.15826699754587492
0.26557115231885553
0.3596121907920471
0.1914023346945808
0.3491530662118322
0.4603659382522486
0.28475824517740833
0.2596530090392778
0.2654482432759512
0.14740564419178803
0.2213344947139656
0.17397160885421104
0.1565386651647196
0.3308060863371324
0.23444259642053844
0.18196116860805278
0.2779031985990925
0.15693100569803242
0.1347809749888853
0.1846199184294719
0.22816349060145225
0.1475180312226455
0.2746910246445615
0.2405713339056592
0.14483655469037326
0.20824625734824298
0.21770571999682609
0.14924732134632201
0.2787797530553199
0.26858985171566974
0.13247542271074964
0.12983328946876882
0.15924975187670398
0.12488992059970305
0.15296361832067817
0.15407511707171861
0.15118840991942717
0.21512185508695925
0.2128383008908814
0.12565058064967383
0.2460419302410728
0.23698924173056146
0.1370047224883657
0.16146666101076612
0.18253261559354483
0.12010808064920375
0.4205180092877453
0.25313552251818905
0.19909109059487728
0.36045193362003647
0.4404319402051171
0.23786629695705075
0.2632335665647023
0.208762146254015
0.14290973187278622
0.33355506326509365
0.48571568206549476
0.22598117838261467
0.3759012480465518
0.22195363233944643
0.19640725906245138
0.2909915065534283
0.4991890961257711
0.2140908451880662
0.24742289125294525
0.21275242401752292
0.1433306345470563
0.26982679435813295
0.2195118428796795
0.12309536231389184
0.16255544511411946
0.25700317017975727
0.13294227380651502
0.5128578367701795
0.3120675324489467
0.22586328372779918
0.33564545132270196
0.5001584810232931
0.24791112398355564
0.6546038173963256
0.30999656107693885
0.2435369807324299
0.1956418974703844
0.09853639556261551
0.11866306150150241
0.19929297672079394
0.18568796756890238
0.09616426902625397
0.13180688074197255
0.2134775855415736
0.08853785991628615
0.11832525245073744
0.18020729025937265
0.09448796602699128
0.2193765171376285
0.2903922077479988
0.11533851560010078
0.10929708045823916
0.29569564902734713
0.07903917475528743
0.19865315091180147
0.1991144934918876
0.07991913740380385
0.1717987365078989
0.07974239911361691
0.0648344014902511
0.24119463665812502
0.3673018411171376
0.17626537391525776
0.31834931539822986
0.3539703377757061
0.04229452975186154
0.2735404298375984
0.32667414980040965
0.07472978465327784
0.2888834637147305
0.2467551236989225
0.10610355996236553
0.15859169686817232
0.11643213028352772
0.08936803352726874
0.12369458738643757
0.1378018980984853
0.07294381721023335
0.22445386015575375
0.24310211792795988
0.04223537095593166
0.202595281971493
0.18139586100160188
0.05346689450799891
0.15717391039769524
0.16674489297062978
0.07485719673520275
0.28375116622411045
0.2919538206679849
0.08479229164969371
0.3317827359844816
0.1863487945213984
0.13036191261056584
0.16837044128870027
0.15044990061363572
0.05807584164578905
0.15466446730293937
0.0921084674201833
0.07293630417460584
0.33184625430272463
0.509379963672814
0.19149842023626396
0.2158494985246121
0.28018960993664144
0.08679787424923435
0.11595176749735958
0.14849126546972735
0.06887669258702667
0.2805683852504486
0.38250965067431053
0.1558633373500382
0.1239428827039527
0.15153977026193144
0.059387463815227304
0.49455076241059914
0.34195025826171876
0.22360544180719266
0.776877592595709
0.40872241847077206
0.30255036187549056
0.26190672911633306
0.40159934405442266
0.13669803904579603
0.14377930975976472
0.0886562638306615
0.08321344282772436
0.404009158545549
0.387570517364365
0.07195473218828974
0.7691401841030421
0.400456213663791
0.2897732830256333
0.20168795542058415
0.3086838384873729
0.12387830589128002
0.1865507888116914
0.1909551234855087
0.07032857051808916
0.7957576192503889
0.40009460550098974
0.30503053274304237
0.24382924599071187
0.13459227248846206
0.09736045694402296
0.1498575367133369
0.07056131915957609
0.05784141002722065
0.09525085188324567
0.1745622625868004
0.07861114450835671
0.28916068768458236
0.26466372405010297
0.06229588993351798
0.28814996822845373
0.19662355099983453
0.1598131434473491
0.1379175286170493
0.10117678839659461
0.06005793313020302
0.4720920874656257
0.25535057220371693
0.1496814100241961
0.10617938941764105
0.17873901265014813
0.06422391122724413
0.12764587860025878
0.12257088893838863
0.031271097951454885
0.15591309803182052
0.14641660707523496
0.052256087887049385
0.12270646396196683
0.09804900023060015
0.08033884396326985
0.22495536677043249
0.41035728747930633
0.15261564799386274
0.33358850580092225
0.6073906696554243
0.23488898041952766
0.15165199543144126
0.037754089297006854
-0.012490784537883215
0.2878581547193926
0.41453846664299976
0.17426905319363295
0.2446699015131676
0.4416008104085313
0.18888839306391902
0.5197981370951201
0.36105360910393147
0.21339610142160825
0.5430457945888378
0.30020856337974045
0.2250860728649935
0.1682774362250975
0.12463441960413768
0.06421412157665463
0.090676900691853084
