
 SPSA MINIMIZATION 
spsa automatic, blocking and trust region falseshots = 50000
{   'fun': 0.15180527703374824,
    'jac': None,
    'nfev': 540,
    'nit': 180,
    'njev': None,
    'x': array([ 7.49096177, -2.9209338 ,  5.3801971 ,  3.76899263,  4.70372704,
        2.35003429,  3.98870626,  6.27289078,  2.62899252])}
 

 Best x Found (Tracked by Callback): [ 7.52059949 -2.83619442  5.36770958  3.82459287  4.70845497  2.44823102
  3.91664492  6.12036229  2.59213425]
Lowest Cost Found (Tracked by Callback): 0.14741165891091357
 
 
 
0.848806254049173
0.9683678997308965
0.9058157310803036
0.9226189283472994
0.8802099206206826
0.9530551967740855
0.8964633913456861
0.9518772161902633
0.9479363017007818
0.9024162637347447
0.9067276598630687
0.9480930395620942
0.9129943383186367
0.9206999798282448
0.9133060186119304
0.9130017859518481
0.9230940480139236
0.9036704404450265
0.8261275008752152
0.9765259728101104
0.8809531533448407
0.9541585012849524
0.8532144334272733
0.9574153344743722
0.9083199429858434
0.9049184772504083
0.9120104694163146
0.8970685556160571
0.8624142933398883
0.9480974981053372
0.9589051557665432
0.8804749795511344
0.915412887736341
0.8855415652333326
0.9112310753762735
0.9209562245658699
0.9247618628500253
0.915789004535387
0.9413235950406602
0.8707824579728519
0.8950405681068327
0.9512421710937513
0.9384599941328305
0.8905981831436317
0.906157428629391
0.920573192573773
0.8880905179077527
0.9243072592531238
0.9322342711250325
0.9063775058497906
0.8868657131239119
0.9232206908080459
0.8387676523444317
0.7606363861535607
0.8906243099451336
0.7744111637874506
0.7395989135028909
0.8642921793273256
0.9820687966402025
0.9271422796807646
0.8743268478149308
0.7916870308188573
0.8669746160090388
0.7241140142425082
0.6289008151202737
0.6491264756145356
0.6391962084821484
0.6287377865386277
0.6677263392202504
0.6473286043838398
0.6384120601670273
0.6564747420891661
0.6173759196422464
0.6174588217435333
0.6639080024118678
0.5923849717701626
0.5853003395512177
0.5781323559422031
0.638200118347107
0.5871468020423145
0.5967792183570435
0.6286674492811841
0.5876910720191575
0.7196588944028998
0.4805739116172527
0.5799085264834682
0.556716790480895
0.5946901458973167
0.5622225657515838
0.6055543687419342
0.6071113313932222
0.5629939792362704
0.6218810933496184
0.5493091474242866
0.5705434823882758
0.5494421576838164
0.6147614832677251
0.5613809134213901
0.5313639901906275
0.5872700406030213
0.5285298200723474
0.4526202824737179
0.6399514421753051
0.4059326759247224
0.440069987617963
0.4236753658996476
0.4083910314389305
0.5186871943527258
0.2995621390840988
0.8833205458719104
0.9477328604671234
0.806943849051815
0.6814058728087593
0.6448312201267841
0.73448736503095
0.6545502951912627
0.8074299817534283
0.4546544023950626
0.7522474059181239
0.7032277252482926
0.8160940689526347
0.7132249896692393
0.6962129066395897
0.7299862112062852
0.7039781744141856
0.7913890777205534
0.6188288079690845
0.5965957822359689
0.5546484747092373
0.606681662274781
0.5731926653094066
0.6640611124351588
0.45216173457140574
0.5515105781404159
0.7016384214246352
0.4304871848347852
0.7009370230474479
0.7087674857069894
0.6908305499462761
0.7018715341685848
0.6340126216774746
0.8190995690691655
0.608612955500701
0.5938974187031916
0.6068950067997544
0.6075739124015859
0.6682958911599071
0.5819217439853188
0.5821682995835576
0.562751609972695
0.60713561708928
0.5660782418539319
0.6037954061285686
0.5498992846483098
0.5535827007545743
0.5278507398217984
0.586714810488117
0.5277025246659084
0.5390065625208816
0.5187732019326103
0.5269003394389972
0.5088543701126342
0.568623904312894
0.5063589451642114
0.49406454555172763
0.5411766502209447
0.49332526318496916
0.5411358695340065
0.45037090854606654
0.42436208656304963
0.3999094466787443
0.533695465283287
0.4965478467151603
0.4709386530820525
0.5330149128439309
0.4788950565630654
0.47132759913062816
0.4944540759244793
0.4746185921822903
0.5800801107050035
0.45853293039733223
0.501296664797632
0.5676411697055336
0.4502001865668732
0.4396621279165862
0.5720503201909768
0.36953008766972706
0.3976116523045734
0.4648902918522748
0.38990574940002476
0.39074658725465294
0.4117161288222808
0.38208417528503
0.3827532846341035
0.396519534252195
0.4001748429352112
0.38654486230717433
0.39752946676464673
0.3956109804279374
0.3814898468225487
0.29830860936403947
0.512632042286612
0.4166375723672563
0.3666592982600506
0.4971052613989537
0.3612439530727368
0.31421616786916917
0.44158543809899387
0.32548565132263474
0.29596985347492344
0.42227830274745215
0.34258021142858264
0.3035938075033777
0.42956516821765256
0.3557135681391683
0.3008077494802073
0.4520346637877112
0.3218408938300773
0.3643900133190744
0.3826174241423127
0.3269021333348191
0.3110207815710839
0.39607589392473674
0.30573154601184416
0.3524954527907681
0.3847943137467026
0.3063478201978622
0.30970544190759863
0.3385692958518379
0.3199473420768918
0.32460553982969886
0.31993460912386307
0.3210481518098689
0.32523682254623454
0.35865426201118433
0.3006034381947894
0.3184074744087668
0.3318886302157985
0.30999274034373614
0.29563800294242126
0.4684852875441017
0.36357639059936286
0.3859703241371184
0.4163721928988068
0.37783161642592866
0.35663269748649074
0.42162224853711716
0.36289077384823387
0.38218285093618287
0.4306877415321606
0.3617822858399159
0.4889476693853926
0.2696855108209336
0.6154703911552069
0.717769085480785
0.5278067181080116
0.6082612245363809
0.5841610134356254
0.6265910189912416
0.580441420748403
0.6062291655042384
0.5576209390526592
0.5807005318216863
0.5575204461515926
0.6904510643484223
0.563174346376252
0.5711785672329616
0.5346786556375768
0.5523484641066987
0.46713198255061594
0.6454552534530462
0.39056980466176905
0.3500342539031789
0.4236782744138199
0.34752916379181065
0.3834109602638578
0.5064428122277143
0.43344685867271127
0.5426470118519309
0.39432216065855796
0.4837828345880447
0.560373155347115
0.4868822815938837
0.473895465634683
0.5734904752348335
0.4073879631718955
0.44619217609195705
0.465258161920167
0.46790836441756756
0.43770966623772123
0.5720312267649028
0.3830680803275953
0.41508792914976445
0.5339928666640736
0.43201141699724965
0.440261767822376
0.4946549447972176
0.3909923047095928
0.39789381539048096
0.5016188432958487
0.44733634162990865
0.4157922141226882
0.4787239672338377
0.43830400175443607
0.43077876564279827
0.41227890226057073
0.4927463365242035
0.41745975469221164
0.36828057179111373
0.45438615936809557
0.3672547379139842
0.3764941017436303
0.45507207244118464
0.3690331128337123
0.4681855052982664
0.36163394179032304
0.3711150985945775
0.39248662959428393
0.39075269904373056
0.3711231262525705
0.3005718882948333
0.4842859376453347
0.34921662818548427
0.29114081086127985
0.43501633159318354
0.2752399365140864
0.3564667311704386
0.24886708254588197
0.25144323324565165
0.2335263137060286
0.29196402618123984
0.2386206642807298
0.3051952753970161
0.26930989683302964
0.24275511507441883
0.2759129115971768
0.29424301054028223
0.23463804692863477
0.23707544158497829
0.27295729812060365
0.24362955993242652
0.2331268854112739
0.2699119180302689
0.22924111029041672
0.2884292895610595
0.26821212999128097
0.2318708959843112
0.2638670571703401
0.25363356844825546
0.23694279392093587
0.2731025375358862
0.28318175256241596
0.2383916506634649
0.28710804277809043
0.24471178911278768
0.22001169027000744
0.29624828059265684
0.34366628185610015
0.25314355719047255
0.2526842124199721
0.2730807675665171
0.24305108722483693
0.2351038898332558
0.2689004247609065
0.24612242894941594
0.27570198488727926
0.2856438440428215
0.23825457332171185
0.26864898023142836
0.23077793231638744
0.24714823971387723
0.25628868664547944
0.3017945491415718
0.23166189452391173
0.27346788607366146
0.2874478581595996
0.23160378328263198
0.23003812820149572
0.24636007392849102
0.23226305197422925
0.255981573399351
0.2610447169642556
0.23706604320550928
0.31519818528337706
0.27899839781924163
0.2439754612181293
0.3212309524120449
0.2354790114765708
0.24138471945698337
0.3528795132100361
0.2238939041878989
0.22083464215025728
0.23266501152948738
0.25863749785581924
0.2279748934325292
0.2297587047852192
0.27887499945320904
0.22303394730868586
0.23179243387835047
0.24356985451022162
0.20720817842089412
0.32417946328958325
0.2754837652873128
0.21772806223172858
0.2811745494711735
0.24053401972003763
0.2237958897337725
0.27310830591123614
0.2737638822584689
0.24097887008768049
0.2476549915239309
0.2426249186692413
0.2205392955178811
0.21389000520120116
0.2797692430144991
0.20110368770557385
0.22772745081496537
0.22883419358781376
0.23066614604013003
0.21585899456362578
0.23096724405970093
0.21476188326743395
0.240415982734292
0.25771206080771125
0.2133854879112862
0.21080305017640677
0.2677134996090551
0.20379478958521147
0.24681509881301145
0.20996771642114498
0.20063653462589504
0.24522291221660475
0.2920712490160624
0.20550549906374216
0.22963284339179824
0.2537688989131338
0.2098885851409007
0.2738448120653878
0.2700043014103347
0.1958812493343134
0.20017282823606686
0.24925538014696025
0.2077994868024674
0.26881661666602386
0.27671641279449
0.19213867019230357
0.23798827538332357
0.26894362894673773
0.21547982061946136
0.23077908894401056
0.266042082052376
0.19919282324626353
0.19983167763632004
0.2085912199612565
0.18646310198146798
0.29795389939662986
0.2273548237365628
0.22212188251387888
0.31098070964368796
0.27125715142444984
0.20860434709328468
0.2245504313800495
0.2850290320903469
0.20548626923205293
0.27375133748868996
0.2603926819023342
0.20580738881446614
0.21596822454551234
0.22158920074140143
0.2005790701828457
0.23809369066020913
0.2127846840719665
0.2001028295438284
0.22326764191849569
0.2531087175333019
0.19791032575639356
0.22098884640586025
0.19799431411015023
0.19256272719809553
0.23354560874067332
0.19045615141841254
0.19144327678858053
0.1980415210266978
0.22493651618756694
0.18487816283782044
0.20356362652152227
0.21409896745868484
0.18757136578276667
0.23642364488911183
0.2328039741356579
0.17874791528600675
0.2257984407218102
0.17731473104333462
0.18883258134581338
0.23720420671689668
0.2018917070965942
0.18022202328233405
0.291487513212762
0.28401308541842685
0.1860409895066929
0.2530121912564516
0.2253946046873665
0.18398103838849544
0.21683724573810426
0.20761194021236729
0.17334937742878342
0.26148382956297145
0.2349455132542695
0.18354652420704498
0.18884502138220882
0.19041010331053398
0.18182381191540242
0.21034070887034684
0.2123584784369844
0.17419062358069115
0.22689989686735135
0.2559648309031871
0.1807029998393399
0.21992453624832897
0.26402385000092776
0.1835855577078941
0.2086586651521133
0.16704599713415547
0.17487799161721085
0.22021149258778017
0.2426723078252283
0.1779942790637281
0.1915345672281923
0.22184752462793067
0.18562857814436928
0.21650633857664792
0.23555631466808602
0.17883554200296636
0.21679542978502597
0.1704759892245551
0.16493758349694576
0.18839714459444534
0.1863384419296058
0.17244685463591258
0.19009826295225285
0.21287593196130639
0.14741165891091357
0.15660859977579933
0.18134158055822458
0.1683428539320767
0.1818669322199521
0.2161394090847416
0.1674710227859022
0.21664216774905132
0.169219928619477
0.17323546543118007
0.18731863670206772
0.20477755060157854
0.16615572302341985
0.20588986032419054
0.17491845442922715
0.1576591002671952
0.1642488177955702
0.20863045823080495
0.15413222191783693
0.2571399327066144
0.22911192809424252
0.15750706861762398
0.22107883131759698
0.1967958138692919
0.17069846227728402
0.18227451898577918
0.26450746745903675
0.16217517040712115
0.19991571302813005
0.25568748117714735
0.1753019402430963
0.221669636252937
0.17110922887308677
0.1532705703804358
0.25408867039917127
0.24956645248835896
0.17324377929960633
0.22501573867034153
0.21176221980440046
0.1601469178881052
0.2219336335922808
0.2200114070842436
0.15722073510918066
0.2157400667180006
0.19836560977131235
0.15983333638815578
0.1987235358913766
0.2500611816920031
0.16238452747960386
0.15180527703374824