
 SPSA MINIMIZATION 
a, c = 0.45, 0.25
shots = 50000
{   'fun': 0.1195236475603485,
    'jac': None,
    'nfev': 541,
    'nit': 180,
    'njev': None,
    'x': array([6.32059633, 5.51140756, 2.76201897, 6.34450612, 1.80014753,
       2.10201915, 1.34042363, 5.24227482, 7.48911617])}
 

 Best x Found (Tracked by Callback): [6.32059633 5.51140756 2.76201897 6.34450612 1.80014753 2.10201915
 1.34042363 5.24227482 7.48911617]
Lowest Cost Found (Tracked by Callback): 0.0992580650127054
 
 
 
0.8300964547468831
0.8298296984496225
0.8207563404108917
0.8212146251179868
0.824112567440637
0.8251162488034727
0.8278530350645085
0.8249184033948244
0.822288012609214
0.8261292606067763
0.8233748676635548
0.8205347933178337
0.8233572544533725
0.818223168950518
0.8223181662153144
0.8257072577483688
0.8238735492575125
0.821313007245509
0.8224809490538036
0.8272392539809847
0.823503446146022
0.8279566339218043
0.8257490813840472
0.8237250081077961
0.8244672369756958
0.828707070018033
0.8449271938758866
0.7843274178342517
0.8106753851888426
0.8277690557027776
0.7752852683051825
0.8122613797091237
0.8020021800237342
0.7675085537795543
0.8103389129426828
0.9929448970955329
0.6235208401306404
0.6765569511803396
0.8288797370930652
0.6326649199226928
0.6398690342788325
0.8055115966020748
0.5910791195397211
0.5932784629509475
0.5601926335234693
0.6769894164112705
0.5754064458272328
0.5310467406249868
0.6527374976724589
0.5548673530824475
0.7619966897587299
0.3304752532747949
0.4042495938058327
0.40321799698671823
0.4672492055409849
0.40272021490690835
0.41926291842783237
0.5740858554988555
0.3913116778062353
0.48484232871703525
0.3307678421094311
0.34249159900134984
0.4243987736832362
0.3721359402241594
0.3557878585290106
0.44378204515448927
0.36722568615381046
0.35924719984399045
0.6480473251442352
0.5685015726183797
0.40651887331260317
0.47103860368242223
0.37162564392752084
0.3401609124210565
0.38096395290309226
0.45289491057151854
0.3416582360573648
0.3704685293121308
0.32832076504476804
0.3372056546980281
0.31237824179463336
0.38525548630425765
0.3222011039244974
0.4977591667669041
0.6418069466948695
0.3889482466716213
0.652040808041523
0.45101366479435767
0.38978060958821004
0.4461586625956594
0.6835638431507258
0.38158070014418977
0.3705836641479445
0.3548063950578014
0.32505600102953924
0.29093204754664614
0.46260421160198517
0.2643273037499061
0.3013139959244744
0.3384710667368219
0.2708634408677463
0.5324327581706634
0.28271097862465977
0.2686372913313192
0.3382874791223489
0.265899766440276
0.2589772238289536
0.35543613588750556
0.2914023468246616
0.25370604098210636
0.4287368016661215
0.38405869997734554
0.2536026358802823
0.3074077048634294
0.3791541027763111
0.2505708066395771
0.29129188480295
0.32938110219324646
0.2448829499896763
0.7420679224821142
0.4399462919167165
0.3545229687716863
0.31062060142118086
0.28956892664055356
0.25125645967019516
0.30106528929551646
0.30043664202165543
0.25279378682751164
0.39512594152971436
0.40639495467697073
0.2422193525787607
0.3047253072062792
0.31797855448283485
0.24640272958214438
0.48488790418557315
0.4128908741128646
0.26406084215122916
0.48816692741769374
0.3722432845137038
0.2930928515505752
0.6997053690041588
0.4717578118992354
0.3649475781955578
0.2946522141897365
0.32586116191118153
0.24263959562996607
0.3121649967575155
0.3500557718497842
0.24725963102797022
0.28611549696680527
0.2952241426948703
0.25558059301640434
0.30099214897208193
0.2471869100549401
0.2395690613781074
0.25150370582058423
0.3061288857815433
0.24550246968974587
0.2820677701431006
0.3046133290441463
0.23811691456834538
0.6679699911035538
0.4615276793807729
0.3635556049119061
0.41592785216029715
0.32929654939973896
0.25370021512969065
0.44061630053455514
0.7376000671842233
0.3480904014303058
0.31346118627520336
0.30654534611421413
0.24570421385140517
0.3981647681258096
0.3495128550760972
0.25596574449439036
0.329917902654429
0.4358287641517107
0.26028194267327587
0.35102832695566066
0.3080829125278821
0.24989208712889366
0.3842157772127056
0.4329117101694524
0.2447642902544125
0.25116927239867337
0.3094686859390614
0.24220533205084582
0.36781012803265767
0.38989058813033195
0.23994162391563179
0.28452356897700004
0.34553174568773026
0.23477696184428143
0.32227842106237936
0.3325793468403374
0.23848796069495382
0.5017806922440204
0.3981081190637151
0.2783955853855018
0.42879373431510126
0.3401642701065076
0.25918831148325305
0.3435941941138776
0.41634890173883177
0.23460115710034557
0.7788691318460933
0.43046166480526826
0.32272568250016265
0.3124902232623923
0.42490212431750307
0.25219051693305927
0.28064695414442
0.3212205144848609
0.23576092324478892
0.2848803386047517
0.37849346917124305
0.23324422715303916
0.411067723459022
0.37719242099873285
0.24341999550939664
0.43867553797108827
0.7091733824856739
0.3421855521485142
0.38150159036989717
0.5795708611701154
0.3173114578710643
0.4302857040452326
0.30791935214595934
0.25655362742229804
0.3396269531476389
0.2610809306822165
0.21999782807270662
0.8087141234909399
0.43105255003296084
0.33766621825065124
0.3581083639979673
0.4594944383170151
0.2628977324804308
0.3743649079313489
0.5730814188226387
0.2955786351717149
0.35803792601090767
0.36801969331903683
0.22085249525219097
0.3448559563591538
0.5731357286861544
0.2803143363462892
0.2656309312954267
0.2719657430668666
0.22656482857052018
0.3541165186162071
0.507923889338906
0.2619042104475553
0.4487097527307988
0.2966817838796655
0.23862623427023244
0.3702931120125089
0.4684835936444658
0.2512069614550547
0.30385591257775413
0.30193556054136206
0.22288572043460098
0.4839571258509592
0.3590792802666952
0.2536975391065478
0.37039108839143264
0.3462616660602642
0.2299155617980665
0.4332456481403122
0.7042522261398387
0.3313749594016736
0.4897903652715325
0.3883892544613484
0.24684466220499923
0.32481977194773304
0.28910396028035557
0.2241050150098417
0.33919867791343883
0.29687280217722134
0.22965834876221203
0.3495558963756821
0.25905731126223264
0.22614924101307343
0.270348564473856
0.29231630888083004
0.21952820068977075
0.3146064551455512
0.2629893744945647
0.22530596379224355
0.38153265413542725
0.4179503516830352
0.2349241271190856
0.4504178794641196
0.36023335929057654
0.2530860134186451
0.27020500559725513
0.3096543202251262
0.22276733687885708
0.2483681792337099
0.2744143130033677
0.2205707043314783
0.4099264477301169
0.42776895704290585
0.22220329059515065
0.2991449203759238
0.3640591035188844
0.22829403687084793
0.26608768644459213
0.293613629453622
0.21753997799962022
0.3440219108683732
0.30468569404909474
0.20532756279215236
0.32530475619411114
0.357007606382979
0.2130090438293848
0.3618039261259054
0.514005422116528
0.28425662941637997
0.2752360326508685
0.240954915048761
0.20985360245153384
0.4041348355537141
0.4372615329307763
0.21506012029303856
0.23661092359901792
0.30925071588804687
0.20288284292370495
0.3575279857040645
0.5110804627742922
0.2619993011645315
0.5018802240850953
0.3569591582315115
0.2664107505171458
0.3073847787583316
0.291504710402551
0.21293860225081163
0.3340598363919962
0.5413122888591786
0.27814359856060855
0.38825130490780824
0.5312742175640007
0.27941785616350223
0.40084303534514265
0.3475521035607585
0.2132219412279096
0.356748453878591
0.3087901528566539
0.21481116636683617
0.3531073787989143
0.2833983140102314
0.20914858557411964
0.3054246573741102
0.2673117280771391
0.20946751190878166
0.2824923764399081
0.24427843283404005
0.2112868666732819
0.3134487451224476
0.25721880782625317
0.20090894146823735
0.2693214766111044
0.25595819274347653
0.21121861292620947
0.21998672880342596
0.20841915092426788
0.2084445900816596
0.21611594871686168
0.37403562304582416
0.1973093019262676
0.30514615322818117
0.42912462071805424
0.22582978640127738
0.291837905401244
0.3193863896046498
0.2065314836315989
0.27017250288699135
0.23575257896555435
0.19188728858519521
0.7641689872531262
0.33670954608294934
0.26543601293116514
0.6347178658941344
0.33754636049258535
0.26678579107729394
0.2906442637734562
0.34286325729960265
0.19655511424929828
0.2583140434730331
0.2925611517925415
0.2003256619506787
0.2867028833426486
0.24357643616417268
0.20694130577994263
0.09982385038352792
0.27692829442998956
0.13744658807183896
0.49955655065265725
0.359329486001544
0.20720340702251705
0.4870599145851574
0.27481716687770186
0.17706861431046628
0.2390373168239286
0.2434077670364313
0.14071897598023508
0.2951067356052667
0.4761244255903233
0.21029710011152924
0.270149902332373
0.4677875544024592
0.1911539755225098
0.3491384260537743
0.4664204984142911
0.15483183301768977
0.4732003779954739
0.2700777373065527
0.2026085413275065
0.2027831494474217
0.15694046015611585
0.14484670166029567
0.7496726815391888
0.43307804661733096
0.2732919300565033
0.16707136935315736
0.18099247720135225
0.12496862595608416
0.30254328487605375
0.4143979787634967
0.1805327488637185
0.33898453993290645
0.24847251320218233
0.14487742820545202
0.24048674171733408
0.1699800441814342
0.10810959191666003
0.4340569849795043
0.5983555539987497
0.27419743506681704
0.36815767805610533
0.22816700931551515
0.18237804030772498
0.35595748193619803
0.2249758004254233
0.16716037020524666
0.42158558367466403
0.2742117028667851
0.20008906222284217
0.2741415496553422
0.5341313584053664
0.20332900810940924
0.3973757551550975
0.551440733918378
0.26772934199366893
0.20180268420305802
0.21036978221053593
0.12949110181016144
0.3542514750527853
0.8046175242066134
0.25691182435156557
0.39488030721990086
0.826529701167606
0.2518070935715784
0.6285427899036014
0.5240413224497039
0.16753693528458136
0.46327923257906567
0.23467961310852536
0.17734340133418736
0.24483488262322872
0.6216948719802242
0.1605475090352375
0.2676740638738261
0.48808995123242915
0.18166914327404382
0.23656627895121873
0.23135397914296174
0.12090595036984986
0.9762806286978416
0.47851984025922256
0.33535472326966453
0.21967314868571497
0.31278376067270885
0.12533476253720222
0.20275839464669188
0.2727993335960781
0.11008055733730926
0.417154459806514
0.8894293664074961
0.27456437541079204
0.3873719615208858
0.25841979349564426
0.1789826514370837
0.4159250793317595
0.8854694064722217
0.2714247777513942
0.3319839479370774
0.5883631420204976
0.23263310686533345
0.7208774725988776
0.3153959566801926
0.20827625093004132
0.7109454003969307
0.2944919802778141
0.18056561531914928
0.20997557522216126
0.544492031914808
0.15177478256092636
0.8495949130409364
0.3571369099300197
0.2386690988225446
0.2509250019921454
0.2851408379884264
0.15681232996769678
0.6019897754590147
0.609133446219307
0.12012467769758661
0.33524827205468777
0.4547890099905192
0.11763671979342905
0.2553862545890626
0.1857436339067301
0.14901181094194138
0.8911847103446722
0.5098723450082656
0.3221179326850907
0.8909307808478664
0.39561614313759097
0.25658590110724877
0.4583716756472601
0.28439138957068
0.18765789147681178
0.2849419911934826
0.35099474445429646
0.1665167604020521
0.24801322510079926
0.6218776493020579
0.16783160066550562
0.12417700764040496
0.17564753050308346
0.13128052018750969
0.4760545997874289
0.4077406730590344
0.11475727388407397
0.3850427378351732
0.2503111136287969
0.2007598988673004
0.45509028350154734
0.5920619989599306
0.2768633987914847
0.4834991314252607
0.9716866085159005
0.3588621968814186
0.272618374865257
0.5019330590228521
0.18785672142986098
0.43666817600770813
0.359111623497512
0.0992580650127054
0.46158301436099936
0.21825939104440661
0.16534543622604214
0.2764260978530829
0.639976857654609
0.18594608026712078
0.1195236475603485