#TWO STEPS: 0.2 0.2, and 0.05 0.1
{   'fun': 0.24092357663307118,
    'jac': None,
    'nfev': 851,
    'nit': 50,
    'njev': None,
    'x': array([ 6.00809284, -0.74562606,  6.40001091,  6.25109614, -0.02078459,
        2.45048319,  1.21830745,  1.98614166,  1.44914296])}
Final Cost: 0.24092357663307118
Final Parameters: [ 6.00809284 -0.74562606  6.40001091  6.25109614 -0.02078459  2.45048319
  1.21830745  1.98614166  1.44914296]
Best x Found (Tracked by Callback): [ 5.99766279e+00 -7.39104682e-01  6.41054044e+00  6.26179177e+00
 -2.04094094e-03  2.46173424e+00  1.21927554e+00  1.98596634e+00
  1.44731376e+00]...
Best Cost Found (Tracked by Callback): 0.2486991766391894
0.27460465140062007
0.26538728461433325
0.2693164453750676
0.27434266275196806
0.2691693158985975
0.26464448177063815
0.2707093324007984
0.26637888287718714
0.26768164263928107
0.2686773253005319
0.2754192004619769
0.2745989549134551
0.26426969712642256
0.2643862420426588
0.27153037974815675
0.27770353433411643
0.27148257715933355
0.27374429102067743
0.27578973908270776
0.26607342987732874
0.27015305275221424
0.27606734991733484
0.2760890746254139
0.2776866712528875
0.27723302417285156
0.26997722724742557
0.2757517337443073
0.28244738604114394
0.28411215807410584
0.29887715021659433
0.25972161483088374
0.2974029883779772
0.2618072935179738
0.30121748106399804
0.26177340628356105
0.2649295898167483
0.2594090398333758
0.31661447315810554
0.2716921402193724
0.28127449187385045
0.29105558062429393
0.3285943226132464
0.2734506346306539
0.2701651908301538
0.2875484347234387
0.29207613094008666
0.3094290183276128
0.32187571127381875
0.3224366221691287
0.28424372657187913
0.27064932924850593
0.2970845080137797
0.30034953894665717
0.27834549643830786
0.3015382390040653
0.294816992552686
0.3058096306109055
0.3033022132249408
0.2834593559300359
0.27581864373955667
0.28914554311897334
0.2585740769844451
0.30399478250760514
0.29726773964155784
0.3052177673565156
0.26382789578508836
0.2884022961411865
0.28609076333351824
0.30189076329596953
0.27085828860964745
0.2860621274211721
0.3199195661923959
0.27520555833589966
0.28478370365649064
0.29675426543260797
0.2566068342281489
0.26345610681113185
0.3157872430222418
0.29008454548539264
0.2891369203490206
0.27412680201588935
0.2843929465327416
0.27009346013293045
0.2798996335739421
0.2764603475510883
0.28110124344919496
0.2707612069755454
0.2857609177590934
0.27480307795116754
0.28155475219276827
0.29349676273192415
0.266792292277126
0.30089198614138757
0.26816010367402787
0.24572301789007556
0.28063392439968915
0.2804382494005573
0.281274614268048
0.2866213661310987
0.2759089584186172
0.2696572972612492
0.2725781764527302
0.2724929566780009
0.2673385527111115
0.30622845873884363
0.29791156328637314
0.29721686425206695
0.29415681709251407
0.29829566940649543
0.27877566132440035
0.27108911393480184
0.2708962958718125
0.24955470342958797
0.3115096814039675
0.2905871856696526
0.2891880758603328
0.27875218459984796
0.3121938624807432
0.29832382382603206
0.3043082272579999
0.29231420845390255
0.2862516473544533
0.26245205257723014
0.28966200128504016
0.2748957054468266
0.3152628983236674
0.26429538075068815
0.26590799976636725
0.27978433379194334
0.2940098642308798
0.2676059416916231
0.26943648892215066
0.2741667817503709
0.2693775756258985
0.28572233995092555
0.2839296567059352
0.27958115545584683
0.3071228435334269
0.262466683153432
0.2869730771733551
0.2784400346725433
0.2901432800121231
0.2811615071950928
0.2650963308956221
0.2602932077087946
0.29723726350702273
0.327416957584557
0.28305040881285226
0.26593186550359793
0.2746095975917955
0.27212892271330036
0.2760271715082113
0.2789445770089435
0.2839814742305604
0.2802815967910438
0.33626800041474425
0.3490140040506543
0.28537460184533037
0.26990284431669664
0.27581297367544944
0.2805325189847402
0.2684161573207203
0.2779565429092731
0.26329266390120454
0.2874253718549712
0.2932325294160266
0.28950466647032247
0.2762377827516007
0.29073832659639476
0.26305720986230263
0.26776425160580186
0.29774118519686477
0.2906314845266603
0.28864424186832316
0.2980821170323199
0.25585578737087344
0.3242620072675205
0.3253833528203507
0.27717518652538975
0.29176441266812003
0.25947215322399964
0.2738200984806153
0.271151188845714
0.2942801653355508
0.29989386024615905
0.27740796693019876
0.2911682477363383
0.29033841466841903
0.2782002987211941
0.24363880861000542
0.2907276486804974
0.2747945007314395
0.29376797436042046
0.331117708840004
0.3383920182900422
0.26401941881648616
0.2841438839319931
0.28420497813590717
0.2531496626659585
0.28761611749559546
0.28207677040501744
0.2801642421395001
0.2816717988779712
0.2880025779846329
0.30450691748813363
0.2939809845736038
0.28246268027472976
0.2600138210747165
0.3031468597844803
0.26569239400001454
0.30103019845829393
0.2691727564639146
0.2694555831788831
0.269733821720196
0.2626707727821649
0.30091788067806013
0.2944833064496879
0.26169927711362817
0.2727171984026865
0.3210914086042629
0.28584830420091456
0.2880875982582022
0.26693707866831073
0.3115727855808066
0.2772154601709309
0.28244443364957306
0.265654695037262
0.30658051553505206
0.29512313543581725
0.2581268142536407
0.3013471837552185
0.26455260584851625
0.2531464265680883
0.2699296584195082
0.2687445251721349
0.27600276327469464
0.27258390017367395
0.28112989276959743
0.31279101990610114
0.26740720982465827
0.26744372245378567
0.2909629084301093
0.31601794278229134
0.33739364959232787
0.2886739429911812
0.30348523108763403
0.26077073760589164
0.2758764619859584
0.2570759499210732
0.2770089280594985
0.2990039622125529
0.3081650782182931
0.2675910220589218
0.2868101077353662
0.3024299707506922
0.2802419971945457
0.27315579083014274
0.2766106008433543
0.2797723937982567
0.2781143872244536
0.3007299235661043
0.2731063995184392
0.2813479173984742
0.25446444250506695
0.2745808817569948
0.28656671149337487
0.276409163802276
0.2811558149212674
0.3089950733567446
0.3081341390323752
0.26777109830507306
0.26186308880264186
0.26615736375509635
0.2939307849186765
0.28699901258303406
0.2863664324434856
0.25287015793636747
0.2964794057093899
0.2567759049890279
0.2857287137569575
0.2554789892295847
0.243928843243718
0.276333529991471
0.2880786036159335
0.300077618737538
0.32750030771491856
0.3395371439553282
0.28592416348895966
0.2907086130891948
0.2626516184878397
0.2686211218673308
0.2957358755112752
0.255664410237765
0.27208139585457314
0.27992809452313916
0.2644140610230822
0.30489310653817836
0.2644514474053803
0.27301404218095926
0.25885765669840666
0.24694872758866637
0.2848353612781618
0.2841520816331873
0.27047871035483306
0.28983360472749164
0.27534150058517537
0.2538808378697771
0.27151587834282287
0.2707374224735434
0.26370294388673077
0.2726975594804879
0.27263783343812675
0.2761389501873407
0.28990906709358166
0.25633935364480176
0.27415782717930914
0.28696888242255636
0.27881032094629243
0.2681589049589921
0.2629147225570728
0.28754546817652527
0.28973881721247297
0.25985036473832435
0.2941308468980607
0.2707335769634328
0.2913102491049727
0.3047241391445752
0.26877169351190566
0.26820826185657864
0.2651644198555646
0.2592212546496864
0.2687237087908636
0.28514820965345755
0.28246502972060694
0.2691449785127772
0.273389716178851
0.2913150800390002
0.2847516063017861
0.2760377127397209
0.25779449782134634
0.27886209949006524
0.25197903307069325
0.2641039363228017
0.2795704662591565
0.2960621272574133
0.2698252156737686
0.3054756240151635
0.25540643502270977
0.2628202443226991
0.2844595042236463
0.29701224446660557
0.27752720372330886
0.28176008481423653
0.26868663209442367
0.25466671520248074
0.26680405160033105
0.2928141790422132
0.2552529550682513
0.27448865474678774
0.2996127172988188
0.3229970678232341
0.28459051386875156
0.2729095839037614
0.27592940588060055
0.2753231732148351
0.25725941298452704
0.29174015045072876
0.2885850524328438
0.2650943685260354
0.2728886166768284
0.2660099237916572
0.27580028107337284
0.2697176860269299
0.2530043599680093
0.2841633519413934
0.3047208690337092
0.2762002372519933
0.262212984088774
0.259744794467057
0.2758658467690218
0.2668712731547537
0.2789146176505912
0.2564624402367983
0.2701141688929696
0.2850764537011169
0.2749624945936521
0.27022018388238844
0.3042627867441051
0.29678545811725243
0.270119049038833
0.2635569043652902
0.287792241562558
0.2884769484828893
0.25917576186521607
0.27145211133597935
0.2700224555817382
0.24522549698015383
0.287125599613974
0.2981299518093058
0.251934459856777
0.27715825927960414
0.28785089278951925
0.28010637188812915
0.25099904607296897
0.2799361603511973
0.25373009287213655
0.26984373280320784
0.2954666464274258
0.2708000833729227
0.26253078388208806
0.28976454884652125
0.30592605209420076
0.2853277720072709
0.2596243733570096
0.28432466296159453
0.28659989882937986
0.26450825129423206
0.28654736529197955
0.25762553279962175
0.2596081724435828
0.2799151558313737
0.2983730557722786
0.2828380547737922
0.25562069417901545
0.2863717834856957
0.2766814474995706
0.26890139504885335
0.26564490899239124
0.2732188285208955
0.26631590978839526
0.2667801522743716
0.24974809778432394
0.29247853215110653
0.259457755645662
0.2840915790760874
0.29532449900379965
0.2611428306260214
0.26537698683213484
0.28564675681761775
0.27292378439813725
0.26945772809619406
0.2574257324348922
0.29312202813599064
0.27922519151631275
0.256400533221148
0.2871773515480467
0.2571475544505699
0.29093877426299897
0.25408238156946894
0.2803745725646124
0.2565714644615489
0.2607201906691392
0.2832848202494985
0.29426215360010677
0.2929611318576575
0.26113792230238697
0.25695304114813655
0.3006172396310316
0.3023714625416436
0.2931754572380464
0.2605652199057288
0.2993299673199702
0.2956661092139803
0.268507751533559
0.25695016408153337
0.2625364161540622
0.27155821651511347
0.2610274195626081
0.32800632366984794
0.34986674111482474
0.2655115581786128
0.27434584789156924
0.28506590859023273
0.2967532524166193
0.291840880646698
0.2940771841913985
0.28787632961071774
0.2945462502033398
0.25209918216014715
0.27487582307279324
0.27022747427397353
0.2654091713693787
0.2849737394467716
0.27166897280424884
0.2556160202182495
0.2882460674738655
0.25672143152424465
0.27881921232635887
0.2850975496134066
0.2524181541459152
0.2557130737901161
0.2782593235913332
0.26659156947477536
0.2933798528745504
0.26782513776148065
0.31179702325163816
0.27994083737622766
0.28419245789447234
0.2524856933388704
0.3426187045175685
0.32415362323823593
0.25688316441722026
0.26723028866854714
0.27508326289223184
0.2807385341739129
0.2657758902528927
0.2993017907144736
0.27791305370055774
0.27249848375201136
0.28830485547898577
0.3400748485934776
0.31050632202945305
0.3051490379300533
0.3092875400838848
0.26505515010049485
0.27504807935222086
0.3042928131809798
0.24848767525572535
0.2659179743442813
0.27055128159204767
0.2735098719997068
0.27995679768079607
0.2940945932663851
0.25859263243649566
0.2678145397670504
0.2589649915120378
0.28636785264790043
0.2724529452390374
0.2655653906476241
0.2854327877700703
0.28626319039393144
0.2853292361487566
0.26578769202627883
0.2555531609575272
0.2729568852301826
0.26293076566583573
0.29745423033517737
0.2839686309734586
0.2515199673404469
0.26423730952360047
0.2716753369501075
0.2817396883068133
0.2736988249060349
0.3012103351658374
0.2892073414360252
0.27661809771938406
0.26609789139207407
0.2613847878738663
0.26815047425700855
0.2730331208363226
0.24250244706375146
0.28429288001018127
0.2658494573269242
0.29798439585198055
0.24827185428350795
0.263210573667764
0.2813144678731393
0.2906420683021539
0.28230536727878175
0.28391785535299763
0.2754348808736763
0.25244546166098925
0.27280116067951243
0.27624012363598116
0.30720345797957793
0.25958600559365574
0.2601204580206562
0.2819513783217209
0.2841614210898351
0.25817467278637807
0.29952784307789904
0.29479811335049566
0.28145888106254124
0.2682664987125063
0.2669550176689448
0.2706056199133773
0.28575319947452726
0.29006425340292397
0.26706426357959645
0.26284156209401555
0.24388591955087158
0.2659598249621278
0.28316322008872263
0.2799397486523584
0.28030153184939344
0.28828004134293006
0.25978560260466954
0.24742958821480732
0.27683598354887984
0.2796330978162399
0.2537517586729706
0.3295717449821022
0.3224781820160214
0.2681908028203429
0.29701350576436547
0.26624609713045044
0.2760395087776034
0.2742309097463925
0.286520035630189
0.2725961862904146
0.24583024004127096
0.26065669409512715
0.28198246533156557
0.26569123142010287
0.2720460922304141
0.2681657162276845
0.3226363918398589
0.32994350675329265
0.27446338463228837
0.2547287288821821
0.2564058001705306
0.28160392095407993
0.2805591332330132
0.2814104445292933
0.27947116136497996
0.28875863353440034
0.2649572786329355
0.2637328446289853
0.2996331443559177
0.2798914255271331
0.2586048980561414
0.2938829834967118
0.26746007105699376
0.269105239934034
0.25789513279235465
0.2896412986251228
0.2564641196146765
0.26853849071716684
0.28041627993761553
0.3048132020902383
0.33797421314304177
0.28130547244152526
0.29900562144988363
0.2888313357766562
0.30878861477106456
0.2831141840403032
0.2994148363357737
0.25602211687587273
0.26614079351244846
0.25860522825262433
0.2836314080605489
0.27841189004462474
0.2923959449141361
0.26655977367709804
0.3491286404918008
0.3132072773921004
0.27457920319505635
0.27540105178701924
0.28603206445584317
0.2761085323466903
0.29569264167334186
0.30991293531765574
0.2630570109854875
0.26339806974697444
0.2529877353413068
0.2647126567159832
0.2921096195561247
0.2760281508399569
0.25937717539344163
0.3332184662771879
0.30567309379624363
0.27366360043686844
0.2642149872071796
0.2638989173598121
0.25675040002646676
0.28716447366998765
0.24120116740933462
0.27093350108977077
0.25008186493096973
0.26961352746273903
0.2605505397361968
0.2575864315601367
0.2882116920871849
0.28395248007495477
0.2718653858452521
0.24428590122495453
0.2618392323846377
0.28091798198795104
0.28678004050114714
0.287275544914272
0.2773958007611047
0.25924470033893254
0.2524252324560605
0.26555816770135343
0.27265495931649086
0.2724358700248495
0.28578214031133387
0.27452284561887297
0.2500036136830194
0.27060880538271037
0.27038399315699324
0.2824550123895735
0.2774785787458658
0.2909675799323961
0.2642392548899213
0.30710403895073224
0.3104658252888578
0.27029195122050564
0.28100721942833984
0.2689915376901276
0.2577878187159335
0.2896154297046065
0.2767865939474353
0.25574945261269644
0.2716737714974804
0.25203060670861244
0.26198430909045745
0.27504583348931055
0.3227869330265656
0.32088194837585526
0.27638406389722414
0.26416967196501073
0.277998681268652
0.28233615215896823
0.27879741783694
0.266211311126039
0.3043342508453307
0.29332168539649905
0.29048084300375665
0.2859741628585015
0.2968407709257159
0.28048126979253674
0.2486991766391894
0.2752505806971025
0.27228519579983257
0.2512409276285339
0.26285053218897314
0.28329973105375883
0.2558372031075773
0.27945846176506883
0.28635363742512265
0.26677043545065415
0.26589253693346726
0.26267116380045563
0.2702776073685468
0.2816027545740539
0.27957019514970716
0.26844064478543606
0.2579791097270071
0.26132674113476473
0.2587442020862405
0.2617926237499514
0.2636818179681376
0.28076463860357426
0.27110688546458495
0.2660469769995687
0.3168561732506431
0.2817086733645867
0.29798963783945787
0.2754812394640158
0.252753834062475
0.2708661679872082
0.2645097620011774
0.29898752180464006
0.30692218894710166
0.2788176176852407
0.25952931087099373
0.24648639573187103
0.2689152727551686
0.2696166659686804
0.24384603455120402
0.25763836789436056
0.2619822112187852
0.31715924777986737
0.324509322802345
0.25938214964087736
0.2687269492559161
0.2730865535814092
0.25838147491096985
0.26871058671497794
0.2603153215181381
0.26897693230688524
0.27239917751632226
0.25258443887651116
0.27091933465910867
0.2762213785764003
0.2949938418098479
0.27127838258757
0.2771162595071347
0.283814225826738
0.2768873686880313
0.2840190588841408
0.2796458997268084
0.26134890214159545
0.2596200908600472
0.2767504139667466
0.26847334765081754
0.26485739874333447
0.2549725146147509
0.29199176859903697
0.2521426234389763
0.2444928991973656
0.28366889695384323
0.25253632971656337
0.2704542924070594
0.27338555378152374
0.2788972862673682
0.2671231415989048
0.26206978847724127
0.2796891501069334
0.2676706754575714
0.2511008430312329
0.26839759105792804
0.2816855056209846
0.2495014432716025
0.2590200213184888
0.273697266979706
0.25641675836197686
0.273443492678933
0.2880635141136316
0.29822926455329113
0.2771366288434811
0.2648633087992469
0.25804857330719444
0.2638599115654302
0.28523462017361745
0.2721817498866218
0.2588526306144221
0.26276660126896156
0.2715383790703385
0.2681920952948501
0.27485494100994734
0.2778558223221018
0.267640494017209
0.2526384724066306
0.2851198483125892
0.28654654090852294
0.2612662837768416
0.2933182718365954
0.26036570719203367
0.2609075245553284
0.28508095680655243
0.2807123687687002
0.27204441790718736
0.29523474254417403
0.275334220007059
0.27844502841534535
0.24230778053609037
0.26761825093499025
0.28859636026364854
0.25959061316909704
0.24879518516621058
0.26267723995931536
0.2680205698523108
0.2426936936078692
0.27159029746565533
0.2662021309950421
0.2794815822880089
0.26563450013512735
0.27197044014803706
0.28028388781880575
0.25226392916709894
0.30010607163754266
0.2793910419981944
0.24101333454564366
0.27130464075312744
0.2800534609295966
0.2573893256661458
0.25574732735759687
0.2674382126112089
0.29769105812590113
0.27361349687564074
0.27149741140149963
0.2951317984516526
0.29785133992885215
0.2708276267011357
0.2563410907611201
0.2812282651080442
0.2821225476782606
0.2683941049248628
0.287704565865493
0.25881060162327074
0.28401520046697915
0.28865362150078067
0.2763763770816079
0.25609501930530276
0.24092357663307118

