SPSA MINIMIZATION
a, c = 0.35, 0.2 
shots = 50000
Best tracked params: [5.8399204  5.91167713 3.21919603 5.66085394 5.07039095 5.49995723
 1.84407776 4.40998432 3.37087321]
Lowest tracked cost: 0.02873072032626567
0.9767367698518555
0.9755028972945357
0.9778030931214775
0.9768429545206789
0.9760568561234781
0.9760185425510481
0.976063567138005
0.9774046031518825
0.9749255995131719
0.9768549509782354
0.9753705816357694
0.9769831254387197
0.9760648305419671
0.9749659888379154
0.9766648681283537
0.9736268636794931
0.9752700032578624
0.9766357852397667
0.9760028374854314
0.9765301004755479
0.9745036035018856
0.9773838479955369
0.9783740022786945
0.9752022605014607
0.9752957056408761
0.9763549383718382
0.9236257932785952
0.9992664904186286
0.9605846306966623
0.9732349874411792
0.9536218044027583
0.9599223069540811
0.9762523924512541
0.9511862858430559
0.9569318130449844
0.906870009690891
0.9907918348626895
0.9408535707377987
0.9638004415172118
0.899276384592443
0.9321307597238419
0.899487920566197
0.9616039423220943
0.9218078548656692
0.9354281470905539
0.9727748205073495
0.9197846508856041
0.9436520514814786
0.8368338047104364
0.8921552703178374
0.8846063677074598
0.9307187443923131
0.8813481316346464
0.907203327828508
0.9390719792760921
0.8809693743111067
0.899968070227812
0.8959217808026209
0.8797246354397168
0.9231678635845555
0.9211428008141417
0.8849173069200593
0.8220972387443233
0.9180411089067334
0.8557267913381137
0.8858024974269183
0.8230372984994706
0.8498183752070521
0.8705742718267925
0.8856866386050088
0.848343964896338
0.7775454438890114
0.9369352344168791
0.8026348004101794
0.8664235547120224
0.7979896164057578
0.793848645160984
0.848728764378747
0.7949142185508175
0.7917874694944143
0.8371122554692727
0.8045562470438874
0.7910175732243871
0.816507352232396
0.8248847392989376
0.7913758074462501
0.8575859282255112
0.764465206003113
0.7717317552285271
0.7639195147964892
0.7835058070903955
0.7718259719848618
0.8138679700681827
0.8032385542130123
0.7713373854276664
0.8293296862385122
0.7284554597822299
0.7480016454567415
0.8900899948672769
0.6291534811743842
0.6789789237493653
0.7274330935697239
0.7387816852258415
0.6755103343374157
0.7157063103858929
0.6975154917321622
0.6754679650667459
0.60639308212597
0.8000085986018359
0.63049377596559
0.6268236542043987
0.7016922024290051
0.6112123881447116
0.5631717928304938
0.7026582066366037
0.5691101481706111
0.5394469345459616
0.645353400580376
0.5404522233389095
0.5953997363944721
0.555781846620446
0.5391200909685744
0.4548767734414608
0.676062923924682
0.4855619780318363
0.526506569053582
0.6008154385108155
0.4748338184769082
0.5556147023630765
0.466693292219306
0.46579811870749577
0.506192544681956
0.6640866128955281
0.46682771891279207
0.459620975963975
0.5266678510712353
0.45649261681660624
0.5251989004200915
0.465151199636218
0.4605267179293415
0.44820621305887165
0.5220848045903268
0.45780641450955795
0.4687831587406933
0.522321777611851
0.4480698773526205
0.46052017427983216
0.5154564072548564
0.44015613899031536
0.5873051957973894
0.40945768288524087
0.40781745485793364
0.3623686439049617
0.4714000651003313
0.38085666445852984
0.46394183092617514
0.38934362403783895
0.36417215766973
0.34341127747840094
0.41683938171435975
0.36577379488544726
0.39152593509114364
0.46129149090603216
0.3431381530961093
0.4961134267250267
0.4763735820741769
0.34221657600008404
0.4309221010537885
0.28754984487517987
0.2968802578539793
0.3282408652598412
0.3321650079576295
0.30551515249911554
0.2998635290147309
0.2839342110258699
0.29704352157915137
0.3889592333295595
0.5161560569406278
0.3262910659946572
0.43948657188020346
0.41778782433711037
0.29297440952289155
0.4479094651468133
0.26917920488735836
0.2649091006073926
0.3312501505852772
0.2877659456174775
0.24591395764254265
0.40478866777805744
0.5642164018858118
0.33021971237624315
0.3523993633401312
0.31855538349027424
0.2640252803475436
0.40902456267743503
0.21328440959091166
0.16419807377341478
0.24985590733338914
0.41758264220460106
0.18365844377988205
0.37714804196873064
0.22830530012506023
0.18055475627527207
0.5020327972350525
0.293983354368736
0.2277125075029729
0.26160268467684755
0.46769818211934266
0.2124982977423664
0.2103548998013275
0.36901449904193073
0.12523855785324
0.15832993578705157
0.20257023091392257
0.13779455261852414
0.16877646288999948
0.2553250362031724
0.15617429723494258
0.26848274981760545
0.3211953341557401
0.1785466752265259
0.31891197229856605
0.3058139770863171
0.15923751213330428
0.2789728090544953
0.4028663076495731
0.14840963238754346
0.3194225243334269
0.4600219544935127
0.13984745074301674
0.5065726014403071
0.32279460301410456
0.2048543480479219
0.4311592218596254
0.6471014272633462
0.30918828721139036
0.2639690449878148
0.262547283333734
0.1434902365126196
0.283750059048697
0.273807217503085
0.15067731930985961
0.31023046611688854
0.25406759320096106
0.1747080050206734
0.23886914885481125
0.26688173000942295
0.12059715315123976
0.37922912282070287
0.2834825948275852
0.11285664678154395
0.3750190190310857
0.4952820457063295
0.20186868064118413
0.9404333002071636
0.13646067784421012
0.1309356825296507
0.8018907627679975
0.24244399342274392
0.14886371365042295
0.4506651059976896
0.5585088470320256
0.20556243687182607
0.5361158571175033
0.37989003527316334
0.20964710873645065
0.3587258804833492
0.6423614296602533
0.24101483790810851
0.4545774708432162
0.0820992419758334
0.10153451468772534
0.5039663931458582
0.26581096730721887
0.14312078837879672
0.2515397630268916
0.41387432796234813
0.1553192858189285
0.394405362918533
0.3104892570580995
0.16840726937977635
0.4150624117328845
0.41069823963958774
0.08668540022945082
0.6167316616361336
0.38201812629318677
0.24688013471202086
0.3244828719053888
0.6580881147798483
0.19057130162446678
0.47627219603454407
0.26941064573673845
0.19978514283912807
0.13918110128897143
0.4369189649931875
0.09775772279298
0.2651128621290335
0.5773977230128431
0.12641624195188172
0.3898572055409958
0.5895611611379262
0.24349137586377112
0.20637912541971182
0.2918473058630342
0.08569325466686228
0.16743723262401145
0.18815870321215944
0.10753771955675628
0.4573658726694586
0.33189773470462436
0.15829371476804444
0.27124555589876476
0.2775397337338308
0.07637630607783119
0.15149123332833803
0.39434821178133816
0.07369327496909184
0.4827200276134861
0.34150609323082326
0.14590182980372957
0.3975384657192048
0.2462329602746568
0.18744550487259581
0.323940520779899
0.4984533008734904
0.19978529427457858
0.2801630048669572
0.09421064990483008
0.06819008369489721
0.5727480071730624
0.34496771799011416
0.20204025394496283
0.1397376477419361
0.12344197841726645
0.050011956646844546
0.29426042762963933
0.3816474466493278
0.11188326502267987
0.4248860365145378
0.5456419632084607
0.22741317699259245
0.1326076647236778
0.29800858345021053
0.11066787551163304
0.24010921852377198
0.7372745321867202
0.15075091910878513
0.4499618458439514
0.18199062537911725
0.13102774786020033
0.69049167919966
0.3943482126226726
0.2178116271049444
0.2799513232059857
0.46808420893585334
0.16417445626276972
0.5688659225704505
0.2775116770081425
0.15753884279298624
0.5631522300573212
0.3447074540305133
0.22012268933141577
0.15510695321041512
0.1388339690333763
0.06147740154247905
0.17511053443146118
0.18307920786177856
0.040119945663271595
0.19921650859453321
0.14677675466686657
0.06560013627076666
0.4046995320739716
0.4794306313634906
0.10170207995942893
0.4154906319267839
0.4171289251971141
0.07178957624138393
0.2866772692728238
0.2672859752644481
0.09409946616832965
0.31830082179882935
0.6096606453446042
0.1956009918304975
0.3708326967425243
0.4653290657685828
0.14667096885172548
0.3804623959111817
0.47247918262651056
0.14833784498915892
0.27678262887045635
0.5760830582129044
0.1770466674816623
0.25320173231528864
0.22261403309789562
0.09388112076433375
0.286722296928844
0.5458757037120425
0.1856687223127661
0.26156729930814615
0.23579689016309235
0.07593447875205395
0.39965377096116983
0.4115637885838799
0.06658151773749887
0.23236410210386715
0.4252253803185989
0.14701630085100625
0.3256879515680827
0.6689322959004383
0.18635825520533789
0.3666227317427283
0.39964207757753223
0.12177749943172766
0.4147239911920455
0.2313603730353052
0.1463752852502176
0.27574245958116417
0.6207261654029204
0.1842910107469633
0.22505270593639548
0.3806716045354438
0.1450834772574502
0.4313400313362512
0.4011580016125057
0.062266554617460224
0.423605333571913
0.2761108262964812
0.14478855116131417
0.5188108523041273
0.388291734862238
0.22042703860298762
0.1711561348238192
0.1567550019062477
0.09417771671618846
0.6728894731900401
0.3326830442441804
0.19795597683988242
0.21819747811470702
0.16535777710113386
0.07064566818848206
0.5014328344434682
0.42452135926935086
0.14104916284881275
0.5542482074119639
0.34622419117934
0.2115508380502783
0.17262170550635414
0.389070747884699
0.12983539832831203
0.22941250687229509
0.8309643691334156
0.1510378954366307
0.22039211128307157
0.16090644291465495
0.09196860772141369
0.25497341255736283
0.28208828339057757
0.053555832172431095
0.3827344450139406
0.46836852752339553
0.1068923965107832
0.22867961405479542
0.7475600203652748
0.17392490416026718
0.29109571842556026
0.4953443221437829
0.1936256556399133
0.41008648048752294
0.2018185094230469
0.14322029167565242
0.49411889378246243
0.21046524412867906
0.13971255207098887
0.340035153760779
0.27271367442774497
0.11055165217636798
0.5445072076102453
0.29754986822058127
0.20405373724884113
0.2499858149120623
0.25605171732557563
0.061304325919323
0.17786350717493515
0.2280163901943172
0.07395113155279687
0.6008736116230775
0.3108987201512099
0.17745863012343555
0.16243378062385638
0.21603940324429527
0.060998733789027426
0.29104381199034635
0.6356686723087579
0.1944179370504464
0.25022965834543276
0.11676960065612951
0.09049440911439943
0.17424009524191109
0.3192306683791142
0.11387110557821756
0.1838080920778189
0.17157746483137992
0.04835780749796925
0.4501918461476919
0.32862608632153856
0.1938958299175011
0.5415493661546329
0.3491240772602129
0.2223356486442799
0.17382869647832566
0.1420421197496744
0.08298563690834915
0.4925429472034545
0.25978904872880526
0.18556031467255985
0.2813884915220779
0.5202351117497626
0.18657061528421803
0.2578541998036423
0.5167638041319331
0.1543139491982093
0.1975895141768409
0.4132031954092419
0.133323568589497
0.5325728533197991
0.34914419377273276
0.2102479840924596
0.21616303165664708
0.18632698728475616
0.09299700321260418
0.24644230264089328
0.43742062938926285
0.13331943573582528
0.417331930034321
0.5264688548764997
0.1633509798730408
0.2238410265732086
0.24897982372781646
0.0823280742069572
0.6902171301620161
0.3918906752712441
0.217942688522629
0.5454713284587207
0.25431501654501976
0.15238922928328624
0.3625994403896732
0.5808485119095868
0.2105354111225235
0.22801525626002783
0.12654401075964317
0.05974928632704224
0.25737197157193914
0.574592826260518
0.14898322411143106
0.19442979470516564
0.21392395270778664
0.06443497544417143
0.43772582096908874
0.2691357359293707
0.15030615809601888
0.3655632239124176
0.469320243038299
0.18768255899076258
0.1102381741694608
0.338010969453319
0.09635925357516528
0.3415791459928069
0.22498022368426462
0.1025914977970932
0.2872991147231956
0.21861444314417122
0.10579394294124922
0.16407933168042133
0.12672875450728227
0.06604206303129101
0.3452488718840393
0.5829241962371701
0.2073232803494477
0.3050131586308432
0.15289778264871146
0.11747799915907142
0.6389431710166091
0.3138108031330372
0.18870268694000003
0.4920962158236619
0.2518860708040568
0.17551505430037728
0.2308524641160149
0.7289028924457558
0.1692271700107082
0.37051684815480257
0.44917091229298134
0.10379100654466689
0.3575801003186523
0.40522434036751986
0.073142642663924
0.6223256793300809
0.31267040961679793
0.18697641307043322
0.2166056897381592
0.23058524041774398
0.07553842350213624
0.2946750689059173
0.5829958247312919
0.17603539010539693
0.22607978983366983
0.21705798803582943
0.09142625227799761
0.22439426656291772
0.6091353142894018
0.14962551954437064
0.4766887294886154
0.41127560459273593
0.12454945396097172
0.22451963356493865
0.2561902461828469
0.055974655456617284
0.49138396499452086
0.3547043012755269
0.23034954972212507
0.35435974300299133
0.21086394224053595
0.14967749824759757
0.40419589628075725
0.5363598125202729
0.25619817575837667
0.5127871184326647
0.34827143857270026
0.18789911483149802
0.4087351089214698
0.4734029309388358
0.07190140576143245
0.31999542829900296
0.18933440047622652
0.08194643484059239
0.3054777055877185
0.13382273122611088
0.09325558328051575
0.26919659855368105
0.28761407643450776
0.05887432765968825
0.35710243240673256
0.5722842075278796
0.20945537925445679
0.4207431991534625
0.47291098498080864
0.02873072032626567
0.19186077340864605
0.11765895245915448
0.07011295449826516
0.24156365731512164
0.43584237755894206
0.12192365937718763
0.12415442252762454
0.24854882143489532
0.08286367359289926
0.23250186265560557
0.2497331442030747
0.11287407599069277
0.20384463688411902
0.1953421436137769
0.08745282033910395
0.2419524156540951
0.29532450271566135
0.07974035055142403
0.3617867876511762
0.5067951321894368
0.17230553400719273
0.316023963778611
0.26266553520257163
0.12958346184120373
0.2788498738566897
0.21350124762473843
0.11363407284906168
0.4845343541689253
0.32067390814451935
0.135995757881054
0.09209805917390879
0.23174479220691968
0.07623316239634514
0.2723006300259272
0.1466533988130977
0.08079730522723094
0.2019258366703569
0.32340990408902315
0.11731462243591528
0.4814796830787812
0.3333772585638295
0.1492807583177418
0.2327817544536318
0.07064180938804687
0.054473859329625784
0.309198649075888
0.09917452926958703
0.09478149165063499
0.2914232296624252
0.19935398129371373
0.13914027474833668
0.6500569515376332
0.26029228601202414
0.12311690540982423
0.08308385795522855