0.9969640487498254
0.9559229307432432
0.9990718052881423
1.02015950053802
0.9689926242236024
0.9919243255424895
0.9534652077940089
1.0055658484798906
0.9517460108192706
0.9460738877118644
1.0091637806606997
0.98200821417614
0.9390821299480628
1.0296612951324597
0.9591271322161545
0.9779134322983355
0.93184368136123
0.9591172827743902
0.9763325526397166
0.8977276791391149
0.9484509445400501
0.9483788062037564
1.0229681587038788
0.9301588229790418
0.9840228778653295
0.8904520411849711
0.8833727763479652
0.9014477912227883
0.9850260890841224
0.8818615951742627
0.7979752156579062
0.9565042489939306
0.8717565920232246
0.9064977608752317
0.795183790551652
0.8030506648908196
0.8025728933295483
0.793964318596922
0.8564803769924496
0.7623725879547751
0.8282390295261464
0.8408718956332533
0.819125015195385
0.7910103958644225
0.7820244745039597
0.8588099796860805
0.7948616003513475
0.8132431815445131
0.6265079603895394
0.8669170273855352
0.7592850227379954
0.711311896655749
0.8417656174224054
0.6956776750777862
0.5926234008193229
0.8560622888513514
0.5419811894959117
0.5489731333966767
0.5906404371166964
0.6048138455139512
0.5484707515495868
0.6609228909964904
0.5885911279795122
0.5522872099740863
0.6437668670493908
0.5409401805187067
0.47468554354357273
0.6467670539264413
0.5208482676040351
0.4520701417747367
0.6201707393401495
0.4603032775983723
0.5314743402182514
0.46780947433321163
0.4498457501694847
0.4726587558663653
0.4451116649809074
0.4729331606684055
0.5222911558706537
0.4646795916411043
0.4949084378794011
0.4779197973321456
0.39360274127775263
0.42667971098917623
0.5077049370115747
0.4469661550548867
0.4014251434736188
0.35626172444730186
0.4399350900823813
0.42328208826534974
0.41324432308043413
0.36160311451579474
0.4072767596378505
0.4028848252392654
0.4025244271944265
0.37432885807465743
0.45646656725754164
0.42768463145560676
0.37180138688061126
0.42943362325339884
0.39960528896443515
0.3980167438153043
0.4266630931338379
0.3651625565570239
0.37855824640363434
0.3298712261652542
0.41980117707032116
0.3650564681724847
0.4462483095054095
0.3112645965057367
0.3700019561551888
0.3728770308249745
0.33233720896927554
0.3545345762615154
0.3910693127962086
0.33812867128759394
0.3216942609726753
0.3385661608156699
0.3128615813525314
0.30352365610603993
0.40473459184455474
0.36354328017323145
0.3588683566768994
0.32905528554070473
0.3478622087399058
0.34684608906091663
0.3962739063464209
0.44103509803008323
0.3698923662595599
0.2898368484383139
0.39105982922076665
0.39441009543639594
0.27810502208939714
0.42872859400264596
0.40598085177775534
0.46045425257731953
0.24588163753298153
0.22284208652915105
0.32703450247607857
0.2943876348266279
0.2683724366310095
0.31804571122618175
0.3263366843282849
0.21432172994383225
0.27447953092217015
0.3580524066829145
0.37683742534025266
0.32835342962796366
0.39788570912298826
0.33550287497542763
0.4043954902787422
0.2658927519948089
0.3168825960230084
0.28793979731258346
0.26086970425706113
0.3181260665529012
0.2752911974521496
0.3253118153754233
0.37168647200066074
0.4035503722548802
0.2953307889796821
0.2597735883459087
0.3731833047449781
0.2772625865743208
0.2612028629131723
0.33065875462604966
0.31922670158716837
0.29011893667897215
0.3550292700119201
0.2700733614760831
0.22796934828927862
0.35517632746953665
0.36566646954055526
0.272999565887302
0.36332923918365534
0.3157843365187276
0.34688040644713314
0.4001958595299919
0.27918036448739947
0.298824663304571
0.26957985031104204
0.2959384178088287
0.2732506777736584
0.22484017739364637
0.341064688479073
0.2993326714790737
0.29524082458237855
0.3685711453045686
0.23052704101280452
0.38840116360610366
0.3809154969528009
0.3246853378956869
0.3994332269466132
0.26604808048961426
0.3157146508156835
0.3403406759101488
0.3395313623023478
0.3174229024124755
0.23750539913192503
0.31837070146746826
0.30561865205814986
0.2902923392126535
0.2903551295560861
0.278626608348859
0.28565260046358576
0.3542574800054993
0.2839215305464353
0.19560687218267436
0.345328520547756
0.30388307477247356
0.29033704224023604
0.2966614740008596
0.29186302376951434
0.2942799039687992
0.31191565467686366
0.32985143521154536
0.30880708453785466
0.2516005471077778
0.31800406435846795
0.3321603988090537
0.2843553744349122
0.2836545827576218
0.25875222413774035
0.36011835490177824
0.2914181882022472
0.3050168112482535
0.254000368895537
0.25678888096966956
0.30457476539238626
0.3424041625251486
0.1784976062957061
0.2781446669500439
0.3499442103539345
0.2959128781865191
0.37031733290747715
0.3191230902645241
0.30599870296031884
0.28938313496716705
0.3386824040700278
0.2827131921907853
0.33464180277617517
0.3576641756409783
0.3055615158226479
0.29663022055174604
0.2815717539863326
0.28128982404757663
0.36459059327655163
0.2571462470794392
0.25185490153073575
0.31835417145153877
0.30186617893340983
0.24271604207210895
0.23679419321537332
0.3010239255410724
0.26421457122093017
0.35916126649989366
0.3442413733772516
0.36528754603300395
0.3285118953714883
0.34043132851374514
0.2441821727036566
0.2767669656702274
0.3406947233208776
0.24030262885719855
0.31644823137684497
0.3227960306110029
0.28197734316957657
0.29647800691434223
0.2840597750546474
0.3766114369705751
0.28429568028282226
0.29249813840963035
0.26192385433641685
0.3082342143100528
0.28660140539599877
0.2521505991733195
0.31834139099460246
0.28870375348756105
0.2520994686599425
0.38475723428860054
0.31928416216354016
0.24819349798917056
0.409068827353799
0.43627795100606404
0.21841206636164368
0.3513043300573859
0.3329189068871927
0.2349075539239196
0.3220694352659774
0.31820137627626155
0.25391217334714933
0.3237095294641985
0.26365055641506685
0.2720483730852874
0.37082221559517836
0.3303394267034152
0.24921645264895875
0.308856843930955
0.3050375324612006
0.2493592015564673
0.31301435203911676
0.2873881932354766
0.23780094500344418
0.31487473408887345
0.3578929158172117
0.293387611596429
0.34701898935678854
0.35632398836320833
0.2431345571328155
0.33970078514751423
0.33227909267757383
0.2722692105904595
0.3497575321166396
0.3442043961619955
0.25945133993680103
0.3659632332950702
0.30606071414515124
0.3219340553400687
0.28233382313352473
0.2704599924287664
0.2987079355326592
0.40202316216960354
0.29381197171651485
0.2749917291981042
0.27240092348961187
0.2475015044704264
0.27976908715875104
0.2784112289944285
0.3189503351267554
0.2624030818006793
0.2693020882026411
0.3186955828527064
0.29782596982758613
0.348596809182122
0.42900525712068405
0.27166699653113513
0.27008279473918695
0.30137302631578966
0.31933576450398593
0.2947318332530172
0.26767449629934215
0.28195527509697094
0.33345500434216246
0.3050786481584823
0.34507002214161475
0.26998273917544213
0.2991888546915774
0.24749746667333394
0.283503276137556
0.25089589415749847
0.29030245545738287
0.33136582687653016
0.35503517584657196
0.2647601078498967
0.39124611744633686
0.34054405494291184
0.2949928913033648
0.31428923308528345
0.2838932335316796
0.2377921107694443
0.3053639235212775
0.3499348684348962
0.3081298982742243
0.38863686354314364
0.2783461240270796
0.29989379872412036
0.3148564653685364
0.2869810758797655
0.3226594881507173
0.3371731294111161
0.29602916350725483
0.2929690846971126
0.25360314888860025
0.2903162510846511
0.2823561313752919
0.3260802397641056
0.3609217633014372
0.27500054023958675
0.26941671849641236
0.23768785466164621
0.2713299386891256
0.31200131472858394
0.2826763849077767
0.24772217169140742
0.2699777981349827
0.2857125372514606
0.3416760614990194
0.2793795587814646
0.3027733454179997
0.3159287813049211
0.2835149620393652
0.18800974160429962
0.21439416141299483
0.37738455411657523
0.3315359146789175
0.3302172076578681
0.27474451631651464
0.28099795844766373
0.2822430711375915
0.3011862630404488
0.3351864436022859
0.24334815626597917
0.31729608169836754
0.2546048054807418
0.2763290606082208
0.2895093901416895
0.23631680478364447
0.26429290850805776
0.3570283117538472
0.35077971319227286
0.27739657485718117
0.2830670121888442
0.32145984554355167
0.3121309378150732
0.23546522023607697
0.2849221478066347
0.28329473831125407
0.2875613522968825
0.36844964909204636
0.24207808687951593
0.32485551815829816
0.3035361842105263
0.24240885536156764
0.2734020864812017
0.2838300934087197
0.2800789665015081
0.28618711498973304
0.2877824046652889
0.264564707656867
0.34325033766066204
0.3348931876543557
0.2907365322454367
0.2870731584769036
0.30881403506827454
0.2854114257128154
0.35826562121426275
0.3231717528173873
0.34279867351000914
0.31792526553825173
0.25095638895321914
0.29636074817277214
0.34234993694530846
0.3702714758200062
0.3101040083586627
0.3134512454074472
0.3416172584272025
0.3331947997716509
0.3005489951685856
0.2822615521990327
0.34397272331724615
0.31825382828161775
0.2821607218608597
0.3330151513129803
0.3361604110054348
0.327330245637251
0.2557043664670995
0.3288360555601182
0.33746214888842696
0.24794807085328685
0.30731253992211327
0.3417771455546589
0.28173892366897646
0.2828783938057928
0.37738421950427037
0.26116356482872605
0.3080349164213626
0.3808889899616249
0.3142432720621291
0.3422176901109001
0.28886280571901446
0.29334418776025173
0.3194242138773389
0.3258410624330772
0.22806179580716657
0.31875923612429957
0.2310483466933868
0.2792856040154761
0.3188505868206857
0.3009039460807159
0.33750050562252243
0.28612443228501006
0.288119398800341
0.23022181320463497
0.3612248546645752
0.37500044926966736
0.2876040095863852
0.3108228171331954
0.3226910320791486
0.2811491806255878
0.32704612373982156
0.30056090916904354
0.2946750829598346
0.233023411422291
0.39415110655246766
0.2460152663975681
0.2145188672153422
0.2866486432025793
0.209888345545731
0.3143424354684512
0.24757417544927796
0.30508956214631355
0.3552679633294977
0.2820236992059939
0.34342542021830635
0.2860760466422442
0.31237400994521203
0.26245253626549947
0.2443235959313006
0.3025444553823303
0.26706178847035456
0.2808614435958743
0.307709037920988
0.31911449151904725
0.3012574993814945
0.2900176012256773
0.2363659130133674
0.2611710219155017
0.34474415054248664
0.27943304939693947
0.29776167043948765
0.28062765938895085
0.2572273487969292
0.2587585601486879
0.33903906532345496
0.2648178393251692
0.29398091737137944
0.2559660678074822
0.3482325681827967
0.33983316210544723
0.2653200263792941
0.2803054174375579
0.2625172385678749
0.32681942005783926
0.2063336397922736
0.29918992690078017
0.3116433615396458
0.259392787862483
0.26331267262512204
0.29764479363765384
0.29820849591094156
0.20199159622567342
0.3017606922445025
0.2702694020603664
0.2663245132997143
0.24988138306218022
0.29650048550200614
0.25064813782337203
0.30800422990808973
0.239586312283258
0.3726570130325969
0.31806004956695677
0.23288470599869704
0.25291665528934004
0.27232119072988825
0.2648436787765521
0.2235308427821967
0.2915334715708583
0.25830703031488833
0.31381470196556704
0.2195382456358539
0.3305779541408833
0.2505189976300438
0.3561041039156627
0.28170604862975657
0.2556925726832223
0.21399966260719094
0.33216321541474014
0.2193942352652024
0.23648040005172588
0.19777157530112832
0.3089441244336534
0.22050201318928953
0.28491417836334754
0.22972758964690887
0.39133873254226614
0.23350942941468722
0.2302807421527161
0.22223628139952156
0.27132050838652655
0.28771809958711614
0.2893530385791292
0.25317955138876225
0.34775584755834055
0.2836367016701312
0.256534462398591
0.29337615409437345
0.3240633607504706
0.24888646104714685
0.24843524331438693
0.3474553532983121
0.2860471162443302
0.3409210028869949
0.24387183967333625
0.2196682888715772
0.2649775196519544
0.3045885254847869
0.30036461412944604
0.2528965365445308
0.305086652531516
0.24816619234557558
0.2997367693030317
0.2692121925767148
0.2553528542734048
0.3191918704552247
0.26546120994286737
0.25586325292429224
0.2083799120148232
0.34860480050315057
0.2883212975076779
0.33578067118041643
0.2698261791850969
0.27714945516032063
0.3750131393762085
0.25569524426587453
0.3103239019949935
0.325722531397301
0.3097781831035905
0.3291351202908259
0.2564999728594055
0.28538935702150825
0.3048762933500355
0.3414068153039075
0.38002599941695403
0.2719312739690919
0.33594715643302664
0.26866574695240697
0.2832270383295642
0.28877625877577895
0.28230348185009624
0.2787668626237625
0.2877377793801016
0.25283571110671543
0.2614596390555646
0.1965732501134666
0.3216072358929143
0.3133972258124077
0.2732672153045853
0.3813095912062465
0.3053998339337668
0.2742166444182135
0.356385778208248
0.23682933444592047
0.35438344387337783
0.26136159882637866
0.325173051751913
0.33253348880782707
0.26935648539471624
0.2966241080739226
0.21311377004390586
0.24718363202681803
0.2640853989274603
0.2945163671221833
0.2758347421808962
0.2448432795629153
0.3207234146328568
0.20214733957450504
0.24641610549791637
0.29444871970825837
0.28801069481247465
0.2917157883528524
0.26820861127127404
0.2842565911845846
0.26894594714662867
0.27136549547236744
0.2578139591893912
0.23195814746435595
0.2586575743944074
0.272811678541782
0.25045059428306027
0.3126875717185984
0.31076067679476016
0.2872034516301638
0.28637759687088005
0.2759086749016053
0.3623746529712626
0.261634710394426SPSA MINIMIZATION 
shots = 1024
{   'fun': 0.261634710394426,
    'jac': None,
    'nfev': 675,
    'nit': 225,
    'njev': None,
    'x': array([-0.36721553,  3.51351979,  5.42091119,  1.07076189,  4.99113439,
        1.0040594 ,  6.33303175,  0.2975832 ,  4.39273002])}
 

 Best x Found (Tracked by Callback): [0.15496679 3.12273805 5.58925357 1.31810344 5.03447047 0.60582128
 6.54883634 0.45808261 4.44269054]
Lowest Cost Found (Tracked by Callback): 0.1784976062957061
 
 
 
