SPSA MINIMIZATION
a, c = 0.45, 0.2
shots = 50000
Best tracked params: [6.67196308 0.27669856 2.36947882 6.48449147 0.88491241 2.50302929
 1.82173739 4.98980719 7.2811889 ]
Lowest tracked cost: 0.11799974716152206
0.8403421075808593
0.8385504909294513
0.8526777563867515
0.8495101720858316
0.8368117832987418
0.8331606925668569
0.8408818987914685
0.8359685615663037
0.8479698802853419
0.8409562914532485
0.8407419770290192
0.8338617825597663
0.8327253133917807
0.8447379272315906
0.8429840513375427
0.8397414763246899
0.8327794455209253
0.8446227097183008
0.848120420353054
0.8428371405759749
0.8475852056459177
0.8431961464324316
0.85026871070804
0.8404238049412212
0.8426758807781745
0.8375883741035409
0.7411477958839219
0.9152058829833348
0.7702374110533365
0.9682479516381395
0.7046727755423035
0.7083185711646733
0.8253551060681008
0.6403413725924517
0.6494387401758488
0.6666225767253814
0.6729985775391865
0.6452819055420256
0.581462586527614
0.7865739303035619
0.5923445341875951
0.5581187543821815
0.7391678848207328
0.5584199011468645
0.6177541655789645
0.444450960570115
0.4734613903271292
0.505977158580578
0.5073378455999007
0.4733670325120567
0.5079228234034943
0.4815397952850027
0.46484271401665667
0.5498330916641203
0.41886616016093237
0.42509197506960894
0.542012260486843
0.5720939987459213
0.4167788036155097
0.46272092217849514
0.48405806762684767
0.42701155976632166
0.40388619381859436
0.5134839415801676
0.42056732608568614
0.3751274964670166
0.5351304507451567
0.36312820009404156
0.5180635804257863
0.5204047481214249
0.3698901596857408
0.2890721833569253
0.6058508311212345
0.3032541782305459
0.3642625882180476
0.3476382384835992
0.3093241850549925
0.32253703094612574
0.3889508474771609
0.294910722951216
0.3073583190361411
0.34043615259012827
0.28873247054299656
0.3548829146462624
0.31837939441569985
0.2882654322190681
0.4014287486198189
0.40924721899884053
0.30121854482272004
0.29863666853575876
0.33129772839874205
0.29767008660406447
0.338332552176703
0.3070627758175368
0.28529246172816103
0.32139379895454956
0.3073755221972154
0.28303523559209387
0.3348431096768293
0.33352364191682704
0.2884146339718292
0.45581167719555604
0.5492910146463603
0.3597935853099127
0.34267551533365215
0.3429134085335068
0.28852754662213076
0.3573994023444551
0.3202409075356779
0.28419084787103877
0.4143478849157578
0.36605467142556514
0.2859838177564642
0.60958404754848
0.4298161725763503
0.3827081060702562
0.32186325501604895
0.3413022830443616
0.2814787094290816
0.3551484728907366
0.3399794425389957
0.2776828331213901
0.31779487919256977
0.3328092392791291
0.2860935566027383
0.35888864422235733
0.37699738716561104
0.28682990630883964
0.3822678883826579
0.3578760031738659
0.2934835970089795
0.3548872277911753
0.35598914467125276
0.2882710296751815
0.3665053825459629
0.35492097196245476
0.28668002355533173
0.3262385444708058
0.3364123572014235
0.28707103972427395
0.34120280784035906
0.31180305135173436
0.2868568970471105
0.5932313390010627
0.4787847496126384
0.3970590147054509
0.30604346664401594
0.32644030470519514
0.29243247726686916
0.3358069517273199
0.328163237679438
0.2896160801171491
0.3897122094117439
0.34532611551798575
0.29054018987007724
0.38529549418785225
0.4095596282606335
0.287696946753765
0.3467330729756156
0.41011169876274733
0.2810022381277637
0.33388532442205165
0.3564236361139943
0.28966781987389867
0.2976430677906635
0.32156355242094803
0.2873119599939352
0.33240274524624425
0.35026214656039134
0.27710967965459665
0.33513246242645867
0.3920635355787707
0.2862454339174104
0.329445035762871
0.3913589912631642
0.2905141286564552
0.4744276234592998
0.3581919467499498
0.3205178495224602
0.4194187639363248
0.4961800567976129
0.31371873298083597
0.2958338523944104
0.32418404369113807
0.279654832589052
0.34580549583513154
0.3269823985141025
0.2931015843801754
0.4077938906907278
0.5124127732559531
0.3285008032911183
0.29783081560735725
0.3089064466000371
0.29249783860322276
0.3541545195082054
0.39117081992309555
0.292113795369082
0.3544332595438293
0.2910109943038236
0.28783761748405534
0.39368803225604654
0.3609066322105311
0.28520204638500757
0.3893218665700974
0.408488682532123
0.2834966524251049
0.2784377167928328
0.329259482730332
0.29123237577589245
0.4327196587851617
0.39368493354663614
0.28069258001593056
0.32072952982997116
0.3468772618232777
0.2813395816233213
0.4891481903230992
0.4085744697301157
0.32256566884622184
0.3760169658430478
0.3669321483259812
0.28402037930067014
0.4491237072403095
0.5219266174850428
0.320597530151993
0.4252190064932666
0.3605971353337184
0.2822736441078173
0.3869206356204312
0.452943478235561
0.27522457190614147
0.49011454027734813
0.3909363419487494
0.32524154281174966
0.5090365108376514
0.3736972106246026
0.3284408477414218
0.3595301370608359
0.4650782760791504
0.3048613037132025
0.4053506291846093
0.34682458810290406
0.27650835462626455
0.36439097178736335
0.3261409627390567
0.28323921761917814
0.3354997610803483
0.33029927675224957
0.2780177254459274
0.399683398704504
0.3729894708262371
0.27876931111004377
0.4042614140655745
0.5743991445313958
0.3572581430078091
0.4164696984773434
0.40488989605194947
0.2831225914051869
0.2756437606901213
0.3145187221814666
0.26782841433839033
0.3819416150983119
0.3858532776549548
0.28662959879888616
0.5707941539987025
0.41402677570609603
0.3567118788422947
0.34811619212126543
0.3839631784611319
0.28542473778177
0.5912088314288367
0.44783648518707875
0.3870136482344463
0.2935174022437492
0.26700588291670313
0.28260306727877904
0.3498152810016629
0.33069695249160214
0.27919144734885215
0.32429248343655537
0.33657535488144474
0.28297469356749094
0.3033979576855811
0.32663566878212347
0.2747283538883537
0.3275943159601511
0.38687000522496373
0.27893303715943873
0.32184555371512935
0.3115072555266114
0.2682489345280682
0.2959378018493709
0.35223736566475317
0.2729026532237684
0.3455298166866142
0.29790973958202405
0.27514728731675964
0.300000752262891
0.3197809879186182
0.27549589530448904
0.41927085640409545
0.3784502124640745
0.28883787256944926
0.3307459086486847
0.3275483993152024
0.27193883570290667
0.3756266421741603
0.4591879009678915
0.30313854431195875
0.30825394945623485
0.30493608745325684
0.27472186457131886
0.36086600352575826
0.40237990728761797
0.280609968338957
0.4298309658307965
0.38556475101867016
0.3047019998695373
0.30125058764748536
0.3315664778755043
0.27861271729982107
0.41879226349218557
0.3846889964371435
0.28756360132940506
0.2986513652437053
0.34323012298153943
0.2991399941142059
0.44537548314937736
0.34419990299644965
0.2789123602122018
0.3534814627977142
0.34082433240411425
0.27326614631899127
0.34986764035159856
0.3378406930750413
0.28197040420116537
0.40035877541000553
0.32192900653046064
0.29623240194356515
0.3445580057162323
0.42806413545407895
0.2840715674690376
0.4304828714630299
0.3678522790401412
0.2946917359711738
0.32698108507756174
0.3116335913831372
0.29311281044261417
0.42513618481735993
0.4477743503462013
0.29613124978857175
0.44258289358224934
0.3219086248226103
0.3053314800612229
0.3277362339797145
0.3545150488502713
0.29483430648649156
0.3283107227335097
0.3888660354178278
0.29574097223812645
0.33518897757538346
0.4147484480836383
0.29628298422311594
0.31467561253572074
0.3378735374758409
0.2921690037818151
0.3900201403041337
0.3886043963891632
0.2911262549636482
0.3994241531027892
0.34949591698900706
0.2821120212027629
0.34448148016840263
0.3575159880018478
0.2875134517291933
0.3776496728012948
0.3459063984995222
0.29163796228679517
0.3518693197604864
0.32784267758319763
0.29188191913598827
0.2952270284671277
0.31889177291332815
0.2788749401619023
0.37413458623626816
0.3581459111291406
0.28659397614576254
0.3545755663479213
0.3907709402118025
0.29400320945754677
0.3416992912614696
0.332933062269248
0.29627878710093125
0.3022209894252641
0.38061154371354655
0.2895541260746395
0.31899532672980946
0.3696193890949848
0.27712253593479197
0.32423003530065897
0.32358748871384546
0.2803029815211472
0.3587138673581689
0.3748617801566617
0.2763107990797464
0.39976126921774013
0.32458254593970826
0.26777051275651753
0.2853763331945023
0.3006533143167711
0.2771335536161167
0.30876252262620174
0.3149657177704027
0.26702409831339213
0.2589163014921142
0.3399278536857706
0.2656058659606697
0.3123541641029497
0.3323952004780125
0.2636251253630676
0.29904473309845137
0.3480901292182914
0.27162635478809205
0.268106057813672
0.3557493291144652
0.25587170454771246
0.33541841781577186
0.3143925035213556
0.2492370686937022
0.3223394996915485
0.23899486871723952
0.24961456444147212
0.3070006484954897
0.31292200843826923
0.24709594299110804
0.3726741917786085
0.26478852220621973
0.24834567809608998
0.4000065589754891
0.33646166679631295
0.2403808136505764
0.34939693374972847
0.22846954639874317
0.21378105863404484
0.30421793115782403
0.25148480426763875
0.2207920117673876
0.397923467187529
0.3192282970278194
0.24339175582550365
0.3289688201605693
0.21812609381420178
0.21050988006009308
0.21622786020315365
0.2133040659815446
0.20985141628594473
0.22639945538242945
0.32364664465101756
0.20324586619445084
0.26378420447050754
0.23384039090931974
0.20361656513209347
0.35198128304152165
0.29030181539377453
0.21595253324826047
0.3916398522576927
0.662943360282753
0.33426706885320123
0.2225731907723122
0.24673499018694212
0.1977634956704717
0.2701851937202845
0.3016300168919981
0.19041682225216627
0.27979274458670755
0.24909778404042515
0.19518340132989687
0.358400480635349
0.40132592065598227
0.2146626169498257
0.23576354634003316
0.2525412495039834
0.1912827740422205
0.2757846805649389
0.26937442693920577
0.2023430301338307
0.250938144036129
0.25799336696136166
0.19566645406071925
0.38176856819839866
0.3232223161766352
0.21156520485029096
0.3419771524291687
0.4337649620888572
0.2556885121547109
0.3126755206596703
0.24288797347206992
0.21414606348373255
0.23579904003196572
0.2366315816191471
0.19155493444972727
0.3877527213667826
0.47320529813257317
0.26000450052546953
0.2316747604967474
0.18605940328762272
0.18856820251922313
0.2495919064706027
0.28999152007214024
0.19780558517411762
0.34097523445719646
0.4318768432385006
0.24853547832025025
0.26011494758089204
0.26611586131736986
0.18275015861849786
0.25781323720625504
0.3465556532530938
0.21226355538263297
0.26160450911633903
0.14389896495631005
0.15753657857406245
0.19451428063042053
0.2650979647855901
0.14840425846178895
0.30334946510599514
0.5476239551394093
0.24109505728942415
0.20781059893948828
0.26595108622957553
0.15975691071305143
0.2910354913947676
0.2172395411576744
0.16227854041996392
0.21616652899338473
0.11913348346958008
0.12643467055674706
0.3068406412957121
0.6974955393699691
0.23884393310998175
0.23461680921901829
0.15255466912919313
0.11799974716152206
0.6334316061106327
0.3345073896304235
0.2663853168397534
0.4236763659560896
0.3079561652813375
0.2248358840426764
0.30202715243373535
0.4322590818266804
0.23267048230490017
0.25752968700479684
0.19921315141070306
0.1441449382208555
0.2327405586625828
0.37711779886574204
0.183628819493444
0.20351675318179652
0.2602279071653316
0.14630205507756378
0.30858529758871256
0.18555003312788587
0.16059101631395223
0.39406235040297233
0.8657318350268022
0.32097855146298904
0.12708327172311595