
 SPSA MINIMIZATION 
a, c = 0.5, 0.3
shots = 50000
{   'fun': 0.20967285291766413,
    'jac': None,
    'nfev': 568,
    'nit': 81,
    'njev': None,
    'x': array([1.19217702, 0.51002929, 5.03364387, 0.88742065, 5.04129545,
       4.02324133, 2.9812034 , 2.74369396, 1.9886677 ])}
 

 Best x Found (Tracked by Callback): [1.19641299 0.56285414 5.01526834 0.82068752 5.07842643 3.94911167
 2.92667115 2.69581601 1.87896093]
Lowest Cost Found (Tracked by Callback): 0.2010002593798077
 
 
 
0.5415089383274204
0.5387319460289499
0.537763131683648
0.5411568075443229
0.542518771951477
0.5374294940428959
0.5407974446978139
0.5449735493479821
0.5411114709461411
0.5420159798917122
0.5409176615640465
0.5421075145578547
0.5463148419801742
0.5369927293549478
0.5415853762595302
0.5366716299659742
0.5411316270821049
0.5406846967218117
0.5391353236008147
0.5441735779087417
0.540150296353615
0.5425659927107049
0.5376324344899143
0.5422816023055289
0.5452009428340583
0.5437954690012095
0.659805178350025
0.6326614118164313
0.42160624039935124
0.7354639043035108
0.5259692096515828
0.6889701080145739
0.47346425162415307
0.5442162556464412
0.6052610924676545
0.44418155288126504
0.6920882737156604
0.3365857021119467
0.6957243770691948
0.36028236231825894
0.5175045845423919
0.5220461210705614
0.42052012104511083
0.5311118269647919
0.4178513896748731
0.4890834337059695
0.33664623466117394
0.3425907520041259
0.4707470111002624
0.4751035970210594
0.4518378180527062
0.28112462957628725
0.48436352972941155
0.32722997544256904
0.5056034326520199
0.5016112652029063
0.5499061526854638
0.6181987815565351
0.5576073005318904
0.4753364272731768
0.322065532553932
0.5132991387826954
0.35306726014211354
0.3999891410161911
0.43750714511475874
0.246651859146911
0.4907383768283252
0.29280331677200766
0.2935243165392445
0.3904165895611409
0.48077934550615065
0.4109833696740838
0.38419096883038717
0.45739192555264185
0.27941794725081825
0.34668472910585213
0.3632821746618886
0.302397734419412
0.3832159083370815
0.5668781007579834
0.3525307471695781
0.2607397102551363
0.3357977423950391
0.4527600504195993
0.3060478269721828
0.433644576119953
0.33235162452083133
0.29876725585786423
0.25584136078056785
0.3099241166892518
0.38868949904367966
0.5235849566804667
0.3193211604705589
0.3998245577121391
0.502407077794667
0.2626659092890684
0.3943915144354967
0.335896829179673
0.42310930705764305
0.29828975454132767
0.39304564311523915
0.41668558599606154
0.2449447630732401
0.3426002307336937
0.4053394380023868
0.2844745719803454
0.28815284553496767
0.20763331295738252
0.3953386844602481
0.24363994985636728
0.33986760545295136
0.3259464395698586
0.24627484953957213
0.31664915019976614
0.24211175908697924
0.4649444616392342
0.23976979051931147
0.3753590976889595
0.44106800241056765
0.42436491921645536
0.3911580190986811
0.6096454797790708
0.43416053431403545
0.25506330573942015
0.38770402742287124
0.38181551459877616
0.3198244918142332
0.3297049545273152
0.4755810303146438
0.35419700299233803
0.2384838150338593
0.3936033504808618
0.5984136305127492
0.4040552642205304
0.3696078257565768
0.368166605390872
0.42053753205207167
0.2657385723993798
0.3445937721743051
0.37479418076102056
0.31338595278013304
0.23064349368159076
0.5088051648187575
0.40976659414385797
0.24721235073991876
0.26616742068026256
0.3406605462033717
0.30765784871390267
0.3238196232267102
0.4311298985749791
0.5170784735696758
0.22864600149991976
0.3252336103815652
0.30260150936605845
0.45482418000883995
0.4490552855139309
0.3867848563025392
0.4224825767046083
0.2384507153872396
0.382452765324367
0.40868911816967846
0.26075124148115636
0.3354426956050791
0.7199498319423048
0.5157807483750789
0.26765326021931113
0.37192572951867175
0.45377195406976023
0.29622082833082297
0.32912198478208765
0.2537698710114741
0.39841238833413994
0.2302795749919927
0.3850395780070145
0.40761079582323634
0.3811612996706917
0.3756607125515288
0.24644726937632233
0.3204367944419051
0.22353366959769727
0.37559034025225535
0.43926279744672314
0.32606972102534915
0.38121848356284904
0.6114915892085822
0.41241495708250975
0.2592993979948218
0.312396259037962
0.34463737165265995
0.456657216999637
0.4729836210102346
0.45258808355072033
0.46204137198038053
0.23731913714659192
0.3258914905156097
0.3641144542010666
0.47684308320720914
0.338845540315886
0.2797378747004262
0.23498905430912664
0.224865749663257
0.3935710027569945
0.2898320123344523
0.4558981420581376
0.40143531783956377
0.27839499340948237
0.2560086763752053
0.23111425958993237
0.3883628773595993
0.35701254784784564
0.39289724101357515
0.38851192843045756
0.42474526736009766
0.41413474175510556
0.222314786260967
0.3370736876709858
0.3668583523376767
0.4562217828512951
0.44771240609706275
0.41292019170205196
0.35743362279106305
0.2253451738222747
0.3298037654835535
0.3578234176591285
0.3181523808179342
0.3075076438134162
0.37139681050214113
0.3718383196055103
0.22979740073082944
0.2818149835186776
0.30564611932373287
0.497021260722589
0.46371376514266915
0.34156917369535
0.3671272240968845
0.22817889801717894
0.46025245773837187
0.39263366517345566
0.4367450207841367
0.4271639467102507
0.2727297189236849
0.3648072507688799
0.21545985113120836
0.28853278106561486
0.3484457820623694
0.5610257424337536
0.41934081078867036
0.44623442286683723
0.5141781177165505
0.233608608381908
0.3671631315187144
0.3559524712199946
0.40105788391436703
0.38130127333270614
0.24932314248836163
0.3041814192794834
0.22236430930033402
0.4562347446113785
0.5473744598132795
0.40882421106863165
0.3606961705626657
0.3454504039391395
0.35777170741735154
0.23548242429735822
0.40007223330273656
0.34682942611834877
0.40887954502251556
0.40515720562004875
0.3116183737541127
0.26165185819167736
0.2174123338896019
0.3773305238860003
0.38080297488975223
0.47154203407939144
0.511607776845686
0.3372997997205074
0.5307536065780397
0.23922504936052558
0.35993712229949115
0.43139583954003957
0.2850980473393979
0.28114874277572954
0.287445915981666
0.33396209461199877
0.22197424099920426
0.4452334174817153
0.47714293320294254
0.33747701227555993
0.23429541744141835
0.5197385557785077
0.6966823709438381
0.2385893536064252
0.4391994980735937
0.8290788702919516
0.6984695935397957
0.5215365909215312
0.24549954837759558
0.3783222695916394
0.3161005499449602
0.3073614423977874
0.3444330107637368
0.30538281667902023
0.5073007692965329
0.5274480230889718
0.45245974502126074
0.22435658742243603
0.4835194733496091
0.4473405302462168
0.4615097117294408
0.452271277395214
0.37601809570564315
0.2796481022624344
0.23554945110646308
0.24872249217447528
0.3053657824410051
0.42598372133467577
0.3711129587758647
0.35793922577074977
0.3231800746271959
0.22572419821316092
0.35013791906107616
0.2275340482224587
0.24887705880566102
0.32580178074764676
0.3764182480631486
0.3676403596719946
0.2243815895716188
0.2889393646756141
0.2335081398058083
0.23006712381938166
0.3312522218996117
0.5276033291605973
0.3896728222759649
0.24059772087019649
0.38659390036609587
0.4118188611874187
0.264589792200836
0.30749586736226553
0.4001430949420667
0.3662724596947079
0.22290195339299912
0.34375091025694415
0.3414610276126021
0.44234411064104295
0.4616966879080586
0.40295901672317536
0.4261871663458151
0.2300627019216348
0.3713163716759469
0.24394818185742861
0.3168241622222574
0.22795367196905214
0.47564705554828457
0.41469608105439704
0.20975509615290056
0.3334451620281189
0.372199653577833
0.6946778087290416
0.4525652672498517
0.4124809609191895
0.2932267696627595
0.23525542905825148
0.22188623285959141
0.29846019100635557
0.2735130967810748
0.3514852356171989
0.3020085582099704
0.2614949772795617
0.2010002593798077
0.35946014883487976
0.6098628659925552
0.3083857155327093
0.27209995737322756
0.3266227972437741
0.3087961537470003
0.23157732026864963
0.3590459981606765
0.31346051784086326
0.47986634701707764
0.3681938875717401
0.3113120535954048
0.24771729869675607
0.2223299938471065
0.41752487634573476
0.38488839248745244
0.3522233503108576
0.35386145769556443
0.4683254717416492
0.3468344977343042
0.20285142530366296
0.30879116913660665
0.30729533478659043
0.3400472004013485
0.37477440353335023
0.34470699907202673
0.3918345604147967
0.2127148009404045
0.7499323380522016
0.4149796831250273
0.4187423002060352
0.3218580910316242
0.3391744187470186
0.3388602809029275
0.26421359319204385
0.4151277922856804
0.3325161222683418
0.3879324703208339
0.671545854636083
0.36591749015285246
0.39310870154514554
0.2552381370454122
0.4800425175406441
0.3380090704386103
0.43688981621577805
0.4209212558720471
0.24483014977565165
0.3122165893004497
0.21175239783681732
0.3191546192830631
0.4235831910497584
0.218999970647892
0.31954400382901027
0.43318696651573974
0.34767319901894367
0.21144643502177596
0.38204320491023136
0.33867712713934195
0.37863262568581724
0.3914554198796223
0.2476411127041328
0.25319710022471453
0.2101024768300238
0.3307164630294659
0.3475995832556552
0.4190404999430952
0.552823635809536
0.2401908711423606
0.3160266458372991
0.2096340595046201
0.3317267608753077
0.3256967344144127
0.31473633445048343
0.38723482491818184
0.38576703416120794
0.34496446083343657
0.21188601855334332
0.33318297041379386
0.3243285288780684
0.5575841715299553
0.35695086106472873
0.38399546329508716
0.47844710118374767
0.22003092149355108
0.3500034591358352
0.2978402948349055
0.3016458948548474
0.3215483318678437
0.27755828557276263
0.24259768145034244
0.21673972942147968
0.3885420008362801
0.6728051818049483
0.45626525109914673
0.47779236483485665
0.3485401615829804
0.49608723222770945
0.2601585232093082
0.30198754762457614
0.3152042131749836
0.32537856051637726
0.3620594872464611
0.3021960192518992
0.23345176511859622
0.2057266447652285
0.42692918818354375
0.3977349318037591
0.47424639501926125
0.48021751838221494
0.2865879918346035
0.32760575142116566
0.2086669125105085
0.34564317643645504
0.2670470940721861
0.4242723893204783
0.5464407679368399
0.25639109737980736
0.26844256536467714
0.21744639249500408
0.34436895223087893
0.32808154007129076
0.4795272673128764
0.3338896197632586
0.39769859149650844
0.38550157500558735
0.22241701630589017
0.3082586474462983
0.3520792988142488
0.4283185642205837
0.33516267909787645
0.5733484312242849
0.4447044320436184
0.21686486114047465
0.3957822943443514
0.5353296518581219
0.29018638904063376
0.47275623235813835
0.3639596416503361
0.4758478526352965
0.22381997740719795
0.3870767767981157
0.35956845685800987
0.34733294171399987
0.3198172797967659
0.4052695936329256
0.392985325647775
0.20447480993324596
0.20547581853333952
0.35158790158718844
0.3561844715211765
0.4082672652501502
0.5264632735623003
0.29493157398164205
0.22059945895878752
0.3277211563506315
0.39621044942963246
0.2632734173503356
0.3122391852803367
0.4023177570191312
0.39306617645897524
0.20914613397487725
0.5193864911007208
0.42492805376479503
0.33269125757297613
0.38462845105737953
0.39215768395553807
0.5126418407660883
0.2191582741680893
0.5664864493934865
0.3305774549486111
0.407949644429736
0.7263683085914519
0.29438760447703105
0.3121565001272003
0.2854454349700416
0.3241360925479795
0.32482804480967986
0.50361434934731
0.4197638445312375
0.45563879574262367
0.5131922753098943
0.2211854489966556
0.3877332815165049
0.4423029724129196
0.21925451242471972
0.35144940828437
0.21823937659828918
0.28369202682835903
0.20328758898696275
0.42991601446582806
0.5956456491876898
0.4622228513436766
0.38942337767120083
0.34504826335693206
0.19425061887669592
0.22272399911218177
0.4015478277585409
0.8062707556059572
0.29921627769310466
0.3636042632234302
0.34874421643554876
0.3667179823144593
0.26338065280053613
0.3654523922769549
0.4226650427025255
0.751836403242023
0.4676317409392732
0.37744016917136847
0.53492794209883
0.25903338428523515
0.7449158193114241
0.4694920597729414
0.26565749643414194
0.39736888237474033
0.307474525972423
0.20450417240358998
0.25201854565039983
0.40053739072797356
0.33549149356390395
0.2815387324173154
0.42223425826874195
0.39740638916262205
0.3493104729766744
0.20899210513137523
0.20967285291766413