SPSA MINIMIZATION
a, c = 0.4, 0.2
shots = 50000
Best tracked params: [-0.60424226 -0.06773387  4.91186529  4.80809794  4.82318574  4.26765636
  6.36317738  1.32958649  7.28764885]
Lowest tracked cost: 0.2268719312158307
0.9435948299846172
0.943963522789013
0.9446195810863603
0.9423989500364649
0.9428640681069587
0.9414329692011549
0.9428031111102676
0.9415468674888262
0.9432565863359872
0.9441992656160745
0.943046489858768
0.9427919112028093
0.9437043521280795
0.9447105253372197
0.9431993518781063
0.9456895025111163
0.9417384250700664
0.9440869868475348
0.9452131464698607
0.9434874110962308
0.942778618045412
0.9417883796020425
0.9425779486168891
0.9451283409292232
0.9424009605178997
0.9426320847607621
0.9103386252972882
0.9626528939186278
0.9338081564129491
0.9455594829748262
0.9578090143973409
0.933354936835335
0.9619351532391311
0.8717412383669769
0.912096038988179
0.9606829812752551
0.8517147597120598
0.8768504034520594
0.9478066542776662
0.7647262769084788
0.8080965577820931
0.9434345935088045
0.8589357991852022
0.8167513594822574
0.9390638787982364
0.6433847399195614
0.6903162165815238
0.6302413360618175
0.7982530313243366
0.6398480092804884
0.7081623822348957
0.5767714582946313
0.6082998422097352
0.7747505149502834
0.7162985240555839
0.6222918322959754
0.5896585175679874
0.8900060821025629
0.5725805323524706
0.644411274315504
0.5695896219118275
0.5488959474019225
0.5211287745939723
0.6056589039740397
0.5337867268902876
0.6499145047307244
0.47549194473775147
0.49243476689471566
0.5616549362741778
0.4503783876084867
0.4581246490262152
0.5256579097702632
0.5647111797069978
0.4675277188300888
0.6239573891324035
0.5325509604835073
0.445711614804997
0.597872861569986
0.42604997997607585
0.41854454002315866
0.4002658701065097
0.4416543560267039
0.40956576058220506
0.4341464754662101
0.48074166392038753
0.41107778589406496
0.4458050580360631
0.40196422958376166
0.3946392834301802
0.46395008652733694
0.36176607451053444
0.384099703683783
0.5500120936496573
0.4472271170953144
0.4031647381225614
0.4535729601133295
0.6140456065624399
0.41415165553788114
0.44063111523776854
0.4625685567700303
0.3729150259568508
0.4113373921614454
0.3643290031097598
0.37768900854514176
0.42949393620125
0.39200043482638425
0.37905947269350426
0.4453788827582492
0.4202980912769537
0.3841789400252539
0.4015248885583689
0.426066470079951
0.3647866354144005
0.3581720988593943
0.39494055252241134
0.3786149154441125
0.5062555045398759
0.5285824626391602
0.373115516564389
0.4588158881700677
0.3247272952277074
0.33825051973965514
0.4061453718841168
0.3631087564599028
0.3392495689390367
0.4425325380620079
0.4095848974757913
0.33128117484659714
0.47907032724814513
0.26034159167712945
0.27106186237730634
0.3916714129842461
0.34078717676351167
0.2771542499350792
0.5130721077632316
0.4115318144442396
0.32783725419504706
0.334707208122235
0.27537237934565983
0.26520126334330807
0.38011809805287056
0.2652000320298388
0.24594279946897668
0.3585280388938261
0.31531932813287955
0.2515043559498228
0.3464810446422646
0.3425762370240941
0.24689455637559266
0.3493763656291339
0.3404911739592268
0.25040714426532895
0.31885209024825134
0.33413793299627836
0.2573253146140284
0.3197768493554374
0.3821856563179795
0.2525787905408934
0.3280734497172363
0.29168704674790924
0.23604698284175896
0.3098276193305255
0.3124584776756577
0.25490761973469767
0.30062913436536765
0.3485740537522317
0.248686511939893
0.3739989231482965
0.63136983081552
0.3197432089043606
0.40579857696444543
0.49057624286797585
0.291709328721392
0.30903281975864816
0.2756037947195885
0.24496894220957222
0.28439195483501833
0.24122602385909142
0.23604951220905102
0.3997004139029303
0.5279642030845342
0.3189711283374388
0.28138717540360547
0.3141287630871159
0.2436765942679303
0.4995471902584975
0.3936880113056773
0.29698244458304435
0.27928677447500305
0.3436654604917364
0.2552695196509951
0.2706448185001641
0.2628812019111847
0.24695661151907278
0.2747322821604339
0.23950228362783532
0.24520177592930414
0.34451542154607606
0.2838491714146304
0.24968423009591267
0.42436434607043394
0.32866274297541254
0.26057916010157667
0.34943063608941716
0.30933931253206026
0.2427435081779914
0.2448357281506971
0.2767016013533399
0.2384758515130626
0.2834211347785688
0.3081285834116114
0.23744498665258296
0.25779749999515955
0.24449715348531498
0.24283489371528477
0.39736835994290687
0.32184324638878026
0.24813060156631006
0.2659098052179908
0.4214756264063957
0.25438099004518244
0.32218319364208325
0.37668694189670415
0.24068579827473024
0.25934659623893386
0.24234231011028462
0.22874749970595654
0.31134883585561446
0.2786227263124037
0.2361616022185561
0.5783942098852335
0.3315456255686864
0.277115738051228
0.32075911013133274
0.29836854744646424
0.23954788120974002
0.26955604197338867
0.4382359623438533
0.2426122700366009
0.3419664871222894
0.29943795912013904
0.24542437509433057
0.5247475735780729
0.31129091461251457
0.26693081621927184
0.26233646556013823
0.3799231693874964
0.2315345235178814
0.5373034887886048
0.3095457198252677
0.26764057836804234
0.6515440903226905
0.34983517782569795
0.29646815543187743
0.29003196939383835
0.3082741961840212
0.24038499624214715
0.38475108757232124
0.3783634151646813
0.24333106865442233
0.2785022077886994
0.3722747267085862
0.24065410341260207
0.24971312474178864
0.3915807763304242
0.238225685886285
0.34785901542514874
0.27030527935929616
0.23913213594784877
0.33916044008282586
0.6458799151091863
0.2838265989759067
0.25995232975759486
0.29774212176436954
0.2492961418839088
0.34596165202178686
0.29074563927481467
0.2358903078435194
0.5826994138338862
0.3331634537308801
0.28434055159041505
0.2812642839421241
0.3239168926840871
0.23333261419808482
0.28227917836543914
0.32078277498583196
0.24765882032287956
0.3468904841478768
0.3037509868007545
0.2315041373204758
0.30787936752494716
0.35563556843583977
0.24221519336136865
0.4326339766351792
0.28551646563695166
0.2531513907171611
0.2895558315451282
0.2500370785024132
0.24670409242057034
0.2824460458059307
0.32188481277260395
0.24586208744590166
0.33608926918603277
0.4777234127304051
0.28527623764018883
0.28093620197754043
0.26279626984272264
0.23855052336906202
0.2829113325958813
0.39364839229530413
0.24100277791454194
0.3161780950781834
0.24164987101464042
0.23817540675878868
0.311782006635829
0.3474704940691862
0.250247962114716
0.27288384273154864
0.27347733921489115
0.24275316314945916
0.2584513099673371
0.36201879102714196
0.2430086399432475
0.33083180366590637
0.24654868281396425
0.24057520661221465
0.3097374040054838
0.4551801244396143
0.2709305866364101
0.2863402329074215
0.30491543221582995
0.2476889700895315
0.3087868141958232
0.2825289809000403
0.23763770315207544
0.2547653414083416
0.3214949415600511
0.240378958857838
0.2532017216218978
0.334611597053584
0.2369229231192692
0.30136056113455123
0.445470303235059
0.2787404255444599
0.2847758096352866
0.3132447687640114
0.24451842918951483
0.29723848593633073
0.2877264006388367
0.2271774279208194
0.31416900112885593
0.3373589803317478
0.24642487392064705
0.30874854029303456
0.38896644139598324
0.2490248939943691
0.3114055557756835
0.3078607962045218
0.23247780667705942
0.2776698922588685
0.37984502730355496
0.24356064663274601
0.5217885885414111
0.3426985965383337
0.29981044592474404
0.28520145078206594
0.2599034596652702
0.2479319266744524
0.30677877196278647
0.28981977465009345
0.23943413800339985
0.36818025021376655
0.2479596813238667
0.24719765388234827
0.36988048039001864
0.2536442581376853
0.2522087761174009
0.2728416825167438
0.3697748193735638
0.2456904710453045
0.32493244338441685
0.4131680484439999
0.24934553177373298
0.39595341080805657
0.3101012841047175
0.25612893727958064
0.2978955897782414
0.4765062489231101
0.2689763493386592
0.32639352129719934
0.3788885696331096
0.24430095748509095
0.6607091471065922
0.36328390987358405
0.3074846227656268
0.3483233956321744
0.2797747368513942
0.23866466412444542
0.3494592053583443
0.5713001025635775
0.28562352710966654
0.412617541134782
0.2949209927008959
0.25781604337398367
0.26587287826040495
0.29845172904605033
0.2306547762045179
0.2586446055509597
0.39717238684804346
0.24952187531952696
0.23695263355273632
0.25324695451924417
0.2375738802796018
0.2733050134989148
0.2316934093377212
0.23009686773658022
0.3401991258308379
0.480782406405067
0.2878305921712949
0.26580551895357285
0.2944591144936901
0.24388944854611894
0.36936332109367576
0.2615966798322791
0.23460335950896516
0.3880760254072214
0.3910772409912806
0.23645857336647425
0.4238041710790339
0.2895906966892434
0.2741233409546414
0.33368681721649074
0.22829369351981388
0.241844252457184
0.33641554962906695
0.4703585080988698
0.2877038717658156
0.434600941452852
0.3082805911813249
0.24977109578576784
0.3575098985336693
0.4488330382822018
0.2579369701820957
0.28167220500769863
0.2613101052883813
0.2434914287596338
0.5850000518078375
0.32578482606385173
0.2824731132781628
0.33262120381908766
0.30023134986753997
0.24471727493987427
0.3078516166123688
0.2618477329361085
0.2411256298745066
0.37316704333685735
0.32140247773027464
0.24120663455446378
0.3317911789819967
0.3420910264651157
0.24246852472953373
0.3205619362329446
0.33813666741653914
0.24964632104544426
0.2946057967210375
0.28142698837766733
0.23329950612504258
0.6207444717795405
0.35573116269925875
0.29075649694452443
0.26286399238939095
0.2810336572421299
0.2268719312158307
0.28895190808331517
0.24998219541874211
0.22992968247484813
0.5100611026478435
0.35379115888556845
0.29962100361362265
0.25304334519294847
0.29117637939242325
0.23010742725252842
0.2504629110957235
0.28429069413655517
0.24160703773175352
0.32113669169129155
0.26280256614682485
0.23623974974393513
0.30335056380128045
0.2809458439222233
0.24331889163232867
0.3101912673392748
0.2368086836879485
0.23757826290714323
0.2553438605985553
0.24217590103186593
0.23690632961276992
0.2660702606433324
0.33289032475498326
0.23290492485730752
0.2702331857152459
0.3485102779665338
0.23592045852626609
0.27306966366897856
0.3672128208965695
0.2322226550373051
0.30171194404443535
0.25189400228814096
0.2444548712337078
0.3932768321011345
0.2814400312910337
0.25529535439245077
0.43102396581729274
0.3105319817058354
0.25197359113159357
0.2799035161554706
0.26196787970083535
0.23859481749307754
0.3613915807243624
0.3386915615287577
0.24673280866661162
0.3032952952868314
0.27155753411240635
0.2381309650263843
0.40182130454803877
0.2847479117466968
0.24991168811928366
0.32503317327168535
0.3184911521550996
0.24432876069615372
0.2947129845812644
0.370592834811732
0.24055187233520414
0.27710035735615524
0.31710317380886766
0.2417084036089424
0.2651948177825746
0.32999942415799544
0.24923298888797518
0.43657943799706744
0.31870116155596484
0.2612445637792311
0.2383097162704566
0.24646370322550892
0.23975712868795307
0.6297033328220194
0.3540490766831861
0.29615339575120736
0.3461586242082394
0.2916184670273466
0.24042652421593214
0.2916599185030013
0.25401038955755506
0.23893625193003964
0.6859278248417158
0.347766195958352
0.2946898109461825
0.6731415816221178
0.34297247364607486
0.2996388761468788
0.2943466935786244
0.29197428262003
0.2474000277612859
0.35401585933298363
0.3286961713323564
0.2300590603889895
0.24517803487271317