SPSA MINIMIZATION
a, c = 0.35, 0.25
shots = 50000
Best tracked params: [4.09318858 0.04366768 6.59225084 2.19289603 1.89484425 4.69595595
 1.33570169 6.01499419 2.43474375]
Lowest tracked cost: 0.17068756535403495
0.9992426418498509
0.9966034142864574
0.9964046684629685
0.9962904743775001
0.997411195890013
0.9961214168141447
0.996314500227514
0.9961983388983465
0.9973430181271026
1.0003471068405465
0.9984633752948352
0.9987532602714104
0.9977342715381722
0.9982423131748771
0.9980733752548666
0.9966081957519788
0.998330453500037
0.9981902256588608
1.00055827394739
0.9966628623568402
0.9943847927734322
0.9969346869502187
0.9965804781543613
0.9976000433355651
0.9980023885481768
0.9973008781667257
0.9514735225057032
0.98491951777098
0.9935869935610664
0.9362451799516424
0.994015011140944
0.9920886263694891
0.9535648586057253
0.9996241893913332
0.9863645238323253
0.8659909966338717
0.99926427982912
0.9556631781505711
0.9032975702535515
0.9951574992733649
0.9439080531879971
0.9362444930751892
0.8906034398986029
0.9346561305324851
0.9972003011373297
0.8188391231012759
0.8845721984968924
0.847646112346455
0.9430355055427997
0.8692576561026213
0.9496122870286619
0.7464481088684025
0.8126937765445765
0.849296612125527
0.8388848578849759
0.8148591586676965
0.7537525827390952
0.8953967134537628
0.7876032881153809
0.8894633742444978
0.7617383602739023
0.7694149437301288
0.8483185768013516
0.7782920871489563
0.7661298445899571
0.8260354894164801
0.7411918900377854
0.7575963796870174
0.671084310892536
0.8900392580656019
0.7076501335421044
0.7112527710607496
0.6756102687559014
0.7081587296337042
0.7589212284768037
0.7145547331129765
0.7046007460078638
0.6454201452292845
0.7378438560190738
0.6878830869662169
0.6231190759295504
0.8156296148573711
0.65183201877605
0.6884900623231697
0.6683770621703813
0.6501554113171419
0.6021240190269743
0.7221779561184056
0.6315017924857997
0.7853064274971591
0.5916558536922438
0.5983625616488686
0.7021852045748405
0.5685555343313368
0.5766847561391582
0.6887344247119936
0.5262431084910805
0.5419369309379007
0.5561522570209458
0.5561075176523731
0.5443612412985392
0.5617826375306685
0.567572918514072
0.5416865842568438
0.5238059671210854
0.625669323879593
0.5336056853976557
0.6888393537531785
0.507013117636463
0.4997355471868269
0.5429443534019701
0.45937031037521747
0.4897579308166714
0.5704548181380821
0.6092930832962443
0.4894468366347605
0.5328037680203315
0.5183177092371135
0.48639905263911676
0.5302920997366969
0.522033561226445
0.49020199490741845
0.5745590772209488
0.5308944842276433
0.48381460447815483
0.49356950399444954
0.5508736268742829
0.4799336687955258
0.6004961593728895
0.4317142489373066
0.43916546932110345
0.3546687931675987
0.5798980423202483
0.3902867149255219
0.531922319327897
0.5559730310310853
0.39045885481956133
0.4018903084425962
0.40813125310037546
0.3953782536353725
0.5639532543012477
0.45773465559341886
0.37706376005437037
0.36198223191577106
0.5349968153106996
0.3454556967059039
0.41610366143624766
0.4184182811551671
0.3477230086131673
0.39867475651661133
0.466892644956715
0.34634741255656887
0.42215987887517525
0.38733529731742833
0.3447893429110792
0.39864652795208244
0.47616569455160085
0.3405705164336399
0.4464637093664031
0.46047470043163574
0.34041306011943395
0.45505377584648976
0.27561093082436317
0.30544423351242334
0.312680372105962
0.38831967413973656
0.2949618230767277
0.24721502292153752
0.4027575676901275
0.26496049234155417
0.3542195958072544
0.31082579802182475
0.27073188524842173
0.34870517048805105
0.3028060122728595
0.26597659464540724
0.2806720935071396
0.3552188670045311
0.2539522755727157
0.26376879911395035
0.2693985730309696
0.25204692637326687
0.3785808846562837
0.35355218195177596
0.2568088237212335
0.43819914830639495
0.46704558100025484
0.25915943423112575
0.31893245100114687
0.3740524133312977
0.25054705216143436
0.3277188670084473
0.3267106544167664
0.2442109908732487
0.3711530182644741
0.37993748980494724
0.2462836786027296
0.43936703114666686
0.32487628307249017
0.2647361112445975
0.3618477298945787
0.27268777483615525
0.2276744877230683
0.3551956449648923
0.3651976449984574
0.23280820475190311
0.33803666869745663
0.26274689237845195
0.2250169904063739
0.3339387826530753
0.26827680652503794
0.23450490600590057
0.3175315928470668
0.2806392890793269
0.2270023926264565
0.2613753609867072
0.27541778523583993
0.22013773059924235
0.374749860111916
0.3980030210797806
0.23240318463429865
0.3142474525242881
0.395887837935217
0.20384300906842534
0.28663349628276047
0.2582779344688282
0.20546241657413722
0.3739711318730098
0.3785497437141475
0.2181277490393313
0.4388458505876712
0.3078966340731579
0.23994022215467148
0.2949938680002048
0.336960778320772
0.20366815034508545
0.23808184127131393
0.30847644386858863
0.21268657028975857
0.3162443084429626
0.27208898832529194
0.21719133051865647
0.24262855304605557
0.2338672371683006
0.2087107480936533
0.42831001515497535
0.4029781407782367
0.20555543867003323
0.30111674427525037
0.30674913637506074
0.20976030787691846
0.5027876209498865
0.4574408066032942
0.21478252312562207
0.392172283005799
0.30957442567914006
0.20783799094030975
0.3887036163491372
0.3269701009018119
0.21484340273003677
0.4920647790432803
0.3940134663857958
0.23258895519285472
0.33957911745719205
0.3588201956395045
0.21794441406555953
0.2566364902204803
0.21969661834526444
0.20203833649343972
0.2965519199074236
0.29977411469699256
0.21242221494084101
0.3836530127234802
0.43579066875728445
0.2110177083363144
0.34485349346949745
0.5231147783741907
0.24309466402841262
0.42680930400525263
0.38053765351691005
0.20741539313446689
0.5392023482500248
0.5183457114692592
0.21354818606032655
0.3331003521980237
0.43106497317830383
0.22297580440895615
0.2696922629578432
0.24231428573633595
0.21222711487586987
0.2328641638846337
0.31760073170184255
0.20036402342026116
0.35370898308702303
0.27506933864802174
0.20800475226849535
0.3499061869563108
0.33863736327927674
0.20647345688521435
0.31025771381472544
0.3626945316117751
0.21189532149800316
0.3181439587756437
0.4081518911977202
0.2061108094237647
0.4184569218837314
0.40403291088580573
0.21705769665693342
0.26975237181490275
0.35184859866231866
0.2126103563915781
0.3700535029490116
0.2509442959772362
0.2259980423980117
0.20281713038269433
0.2520408998625564
0.1958251916567022
0.3199903448365854
0.3521486955942391
0.20313045718785572
0.39700452830871646
0.42778268237311645
0.19818530929083478
0.32025798107946224
0.3244970068572286
0.21603019073436913
0.3200445302326408
0.26812023857792056
0.2029521253119294
0.3379414031388628
0.3870409407880423
0.2033363857712044
0.3526931894708676
0.3717003218349386
0.2014098717174232
0.32057659702560715
0.37802862949725446
0.21238414828108787
0.353987435811427
0.5224911055057755
0.2618597961266742
0.400971534906184
0.3554627633302848
0.20326729555380352
0.25920467044189355
0.23016718875897513
0.19850994723697102
0.20729946893436957
0.25463122657065584
0.20497957553735457
0.3724718879966269
0.5950967427463754
0.259965510857773
0.27761270546490024
0.35392728117885663
0.21155924427439288
0.31289489078260957
0.2661905511857484
0.21584146615042887
0.21087486610548412
0.243991403810635
0.20234993200988194
0.31172719968652585
0.3485703174001068
0.20662001614139702
0.34550036494921454
0.3074567162927978
0.21876310516876996
0.2478937915463203
0.2927838116175472
0.20267010199514357
0.3128487930867285
0.32069220249507135
0.1958467973948541
0.36105747406820976
0.3119582440709395
0.2123109970677478
0.4662085319554169
0.4435632166780794
0.20710881777354195
0.3248135115405332
0.372049468653636
0.20643072527228012
0.2591083628363924
0.31470843117092506
0.20756076664785217
0.3402985515026359
0.6251450138973583
0.24326017814551448
0.2168214212891837
0.2526145273750302
0.1996459615211893
0.29837873526789993
0.3573430758482796
0.21463724572090892
0.2406607849588196
0.304006099388781
0.19161485136695944
0.2457547976523956
0.24632069343171503
0.20499838723218733
0.3496121441062292
0.3226888673600876
0.2087089608659184
0.3354145615746814
0.3215606054413457
0.19947639479763746
0.3637338972513089
0.41073609695472235
0.20219458992268446
0.36641371752209484
0.2785335150306967
0.18605367116339877
0.275103231547035
0.30504882764454755
0.17068756535403495
0.2602710429861428
0.28233215101399234
0.18878107774976916
0.4749220396069399
0.356631457123436
0.2143801806236585
0.3614101327943069
0.2804136740103764
0.21064303552863062
0.2707805871943647
0.3154169043478263
0.18534717792032662
0.19373962343042517
0.26945635076249075
0.17337147469259762
0.4951389648224803
0.426270838121951
0.20275175581051064
0.25270260976351855
0.24591770844028749
0.1788432614341029
0.32960097269327715
0.2743558234009841
0.184375521105963
0.24886365055325288
0.31633596788893537
0.18321027579934368
0.4898676069699791
0.35880646677932304
0.23939157513962472
0.29594403428762117
0.40978690585948696
0.18825245071003183
0.2548960773332084
0.27250212746443236
0.19004960191535314
0.30911537752374507
0.3094143958210732
0.18532747773220537
0.3316278568733173
0.4556142756271955
0.2210876195810465
0.3680052791183338
0.2805106667184917
0.18935112959159883
0.37575454645727846
0.4796716983458926
0.22368108076359405
0.37566791947977285
0.3204397744728664
0.19920944555626774
0.5223972990655535
0.35370885197711055
0.25042298421586806
0.3724926766135792
0.4168528124991606
0.19125312645995107
0.20133660766070116
0.23366833307179058
0.17380249534990033
0.34001834015191745
0.4644329826353423
0.22061752331626128
0.41067247875294743
0.2776750651590245
0.18349013265059078
0.4907886874161581
0.4897584725295415
0.1885488929295006
0.19633389426262926
0.24211847665997455
0.19200707082158164
0.29216778066872906
0.3258437030026339
0.1979962649460224
0.3487966195807174
0.5282699205615867
0.24027731836347954
0.34151310810907587
0.4317406093245171
0.19145424224236396
0.5270707067300238
0.35894640141577694
0.24985900981747544
0.4079008693093783
0.43788604147830623
0.18332833885466748
0.2798378614400564
0.33668029567136104
0.18760829772389076
0.43546441592543783
0.38568402573061633
0.19198313269521772
0.40535783177550233
0.2809061967803821
0.21049761941865208
0.41600663507417357
0.3672584116609534
0.1954709716897033
0.23924243813701185
0.20414870062271018
0.1793985262807568
0.29683410663626475
0.3060910019938077
0.17889579385960064
0.31107683847619527
0.37186967323553033
0.19319499316338407
0.3330619520069197
0.26716329142613515
0.17599715823284268
0.3537764852017522
0.41131368522135336
0.18663329878977664
0.4877823106400281
0.4339230852485083
0.2006420096845446
0.36204354077970435
0.5240135777517005
0.24152731664241212
0.35815763583416205
0.3558316599481385
0.18283336990609622
0.2391439712399429
0.20547440838957243
0.18386413597569407
0.24348433429622707
0.2251168413923118
0.1823662772146878
0.2768226455264774
0.3206606641848566
0.19878633122496958
0.36221115283366745
0.354051569827879
0.17439410335524808
0.3371018920445006
0.3214500321038961
0.17344973282878362
0.2944924534927644
0.2674462511163249
0.17503825806181472
0.29531502661208653
0.30845767212214725
0.18419483505948542
0.3524973054648426
0.5271281137652353
0.24738960483028827
0.3763244616385403
0.3944044599748797
0.17357352271601645
0.18769413837673588