0.977138
0.975353
0.976046
0.975191
0.976247
0.974187
0.973739
0.975971
0.975245
0.973197
0.976550
0.978262
0.976372
0.977467
0.977008
0.976766
0.976996
0.978148
0.976082
0.974739
0.976805
0.977664
0.976714
0.977410
0.976946
0.976157
0.996073
0.952752
0.975778
0.999371
0.916966
0.965597
0.929049
0.992224
0.964154
0.980847
0.936325
0.960820
1.000128
0.873415
0.936420
0.929057
0.949676
0.936615
0.941561
0.996367
0.934968
0.833901
0.982159
0.910252
0.821953
0.971787
0.894103
0.866707
0.943316
0.881784
0.893854
0.912099
0.888182
0.879860
0.861490
0.879491
0.854970
0.937269
0.874791
0.838336
0.932645
0.869624
0.864141
0.837338
0.858860
0.825652
0.870798
0.853376
0.813043
0.949519
0.837593
0.899830
0.844233
0.831579
0.890311
0.703924
0.788803
0.765425
0.875630
0.794398
0.954372
0.591628
0.724335
0.668565
0.779721
0.705519
0.896228
0.695989
0.692978
0.726861
0.641715
0.683587
0.664539
0.691796
0.683213
0.602893
0.742225
0.664905
0.621250
0.805362
0.645595
0.756719
0.704842
0.640210
0.671433
0.552538
0.626009
0.754860
0.651891
0.630620
0.514965
0.808209
0.576081
0.591064
0.700767
0.543602
0.633471
0.777105
0.553339
0.541780
0.672824
0.526356
0.542051
0.646800
0.529126
0.606092
0.534682
0.522354
0.644373
0.640269
0.528699
0.574212
0.621674
0.533449
0.684365
0.726469
0.544870
0.585614
0.439994
0.491373
0.778663
0.357072
0.439017
0.358266
0.591351
0.403735
0.551009
0.510421
0.397094
0.280908
0.555310
0.348343
0.440637
0.457687
0.307883
0.471045
0.430340
0.362033
0.509880
0.563086
0.364450
0.362940
0.457558
0.314130
0.493262
0.471763
0.348178
0.652740
0.585721
0.350691
0.482140
0.456161
0.342159
0.338929
0.409337
0.373462
0.497956
0.345699
0.287335
0.458921
0.508210
0.303054
0.451986
0.361809
0.304462
0.399922
0.415307
0.309538
0.465224
0.402791
0.280989
0.465096
0.477394
0.265271
0.394221
0.353318
0.316831
0.566901
0.601671
0.336069
0.489786
0.525963
0.302298
0.502261
0.303572
0.293708
0.558707
0.436758
0.320912
0.552616
0.650796
0.327732
0.405898
0.413927
0.285183
0.595764
0.557796
0.334572
0.329016
0.484553
0.300005
0.483563
0.604776
0.317152
0.320078
0.374918
0.312374
0.434109
0.439396
0.308388
0.433417
0.447295
0.315496
0.383485
0.493029
0.329425
0.432174
0.484771
0.298212
0.333204
0.458557
0.310877
0.597921
0.475488
0.314919
0.479512
0.466935
0.295455
0.416347
0.525713
0.327863
0.297074
0.527253
0.275866
0.422381
0.324205
0.309542
0.480384
0.457963
0.303668
0.500281
0.291703
0.295416
0.377294
0.446164
0.296777
0.423579
0.427834
0.324863
0.560324
0.520785
0.307204
0.366455
0.384527
0.295086
0.301969
0.467762
0.285649
0.372389
0.464444
0.275760
0.530492
0.594484
0.294381
0.505809
0.506958
0.318242
0.359329
0.486086
0.287207
0.524545
0.527055
0.286896
0.370598
0.486563
0.300814
0.409976
0.455577
0.307586
0.443118
0.411152
0.304718
0.490252
0.542897
0.327618
0.461878
0.402427
0.318187
0.401625
0.422393
0.288531
0.469393
0.454257
0.348153
0.506608
0.425202
0.282185
0.322799
0.536830
0.274894
0.654184
0.698579
0.323116
0.392178
0.353177
0.322182
0.417777
0.337898
0.302326
0.573012
0.634985
0.299961
0.445058
0.314376
0.278940
