
 SPSA MINIMIZATION 
a, c = 0.35, 0.17 
shots = 1024
{   'fun': 0.15593440358231636,
    'jac': None,
    'nfev': 541,
    'nit': 180,
    'njev': None,
    'x': array([ 6.1230593 ,  3.65189721,  5.67622288,  1.58033094, -0.37382456,
        6.88396634,  0.16290539,  2.85218209, -0.03368016])}
 

 Best x Found (Tracked by Callback): [ 6.00639263  3.76856388  5.55955621  1.6969976  -0.49049123  7.00063301
  0.27957206  2.96884876  0.08298651]
Lowest Cost Found (Tracked by Callback): 0.11682357703969337
 
 
 
0.9990511468185536
1.0056363581991188
1.0058464384935237
0.9963937897504892
0.9967915284567039
0.9969532680763752
0.9912837886783507
0.9966262411171632
0.9960728458562337
0.9958579394452766
0.9978138293010274
0.9956800433648286
0.9949410571137929
0.9959092391448298
0.9981100952269351
1.0039013426507537
1.0000586024318419
1.008754202873729
1.002431363778488
1.0046277866242037
0.9884912931583416
0.989017879053661
0.9967866949868569
0.9955980301849359
0.9956384866949911
0.9918255347532401
0.9966859629881364
1.0050490600263853
0.9964881271022609
0.9846789306058465
1.0023032570725496
0.9924622879179654
1.0039028903799454
0.9934807956517547
1.0007266459375423
0.9977917887592264
0.9797929263432733
0.9961994506006449
1.0007985835974644
0.9897044437250155
0.9986008240794607
0.984967397318559
1.0005781713744104
0.9978497658295844
0.9772042677908787
0.9965980432343804
0.9928236495812122
1.000309824671394
0.9857765211580283
0.9978004402577284
0.9814681945793805
0.9937098600813977
0.987619490420695
0.9879846581823027
1.0053034408823343
0.9863423612093978
1.0015086345068875
0.9786859336963984
0.9815769152421179
0.972709644917322
0.9982696963028169
0.9769400024824964
0.9768476506096583
0.999663281640186
0.986351196000675
0.98809791093131
0.999192779586561
0.9953842312732499
0.9941449830327259
0.976534141803294
0.9805614991717283
0.9929553478465657
0.9689964884581882
0.9855710264062293
0.9928701584116708
0.9861923901620449
0.9830090103233531
0.9657246031408613
0.9870582115236946
0.9805742328143753
0.9829428898083624
0.9854823037694745
0.9802767478813559
0.9773637007343715
0.998220277764832
0.9803456745491663
0.9973368809909011
0.9725921291925811
0.9761688607605283
0.9313779824811775
1.0015598332150193
0.9537598553200418
0.936155327219443
0.9667141345961504
0.9647241987226065
0.8738223995068327
0.9999811943352322
0.913217229727322
0.8843334116044026
0.9543860496773326
0.8886531995671337
0.9071338669377503
0.9311603349244649
0.8948871517769643
0.8182662393683771
0.9320477796841284
0.8362676962544472
0.9116415899377964
0.8192010022994333
0.8129751984264282
0.7605003105534687
0.8895239979357356
0.7834947504456609
0.8373732273720416
0.7280247326203209
0.7550922459774596
0.7580970250819082
0.762979361487894
0.7526615009599753
0.6962213126157
0.7822117667798757
0.751022125501869
0.7702225574917869
0.7465030426412106
0.7426470946419912
0.7294847011446963
0.7428074215128257
0.7469151950357846
0.7123894426523443
0.7766274760088583
0.7277815139677235
0.7548902953279787
0.7178631557845865
0.735901146469637
0.7898808215541652
0.7656711968243961
0.7198242257110271
0.7160228232880019
0.7443018023897607
0.7288559496177561
0.8306484204048139
0.7217722398018966
0.7149965447102069
0.7467833657819454
0.7622592576347884
0.7349984135888757
0.775350944096306
0.6910016359765927
0.6926412278466123
0.7285796669816951
0.7568439571480328
0.6795475484913793
0.7262942724952137
0.6947009433128161
0.6847379918594545
0.64335031155089
0.7989964201756461
0.6927796249958051
0.6905402223059534
0.6520268728425385
0.6869896069192861
0.7127310067620574
0.6697927013009319
0.6691899964142907
0.7296719839349601
0.6123527753955957
0.6120721301893248
0.6737728467998947
0.6092783064384604
0.6692215701299725
0.6520366584775594
0.6016899864014504
0.5914073056431348
0.6192643941041251
0.7221364027290358
0.6319609674472926
0.6662627569804429
0.6673357703412288
0.5810104096324522
0.6757480552823958
0.6750842239776951
0.6304938596546037
0.6889308690339275
0.6293784630916603
0.6108854717230443
0.6291822246241525
0.615152306586945
0.6227858308541502
0.6906210176199589
0.6356359168899424
0.652271126080914
0.7267697248252859
0.7351366219369604
0.5900590846684151
0.6355982053392499
0.7061905506988326
0.6098992367057233
0.6351504534212695
0.6751243179777608
0.6391260096404378
0.6227731057665966
0.691011458145001
0.5757450976114491
0.6116620780725867
0.6813432795264832
0.5921577303564676
0.5787927860836332
0.6826124957103638
0.5800770477109765
0.592144332950011
0.5208775708970939
0.5182214000907676
0.5595813358738897
0.6148148766799023
0.5452381868841385
0.5473832633788038
0.6575464726534108
0.5455651882982718
0.5737166136298627
0.7123583345719381
0.5514295013708559
0.5505578135089325
0.5558450991762924
0.5238097868354072
0.49578580622960855
0.6480446641955198
0.5737958414300445
0.5684068294437341
0.6855264678474994
0.4937364121275448
0.7122864003467788
0.6190612484544672
0.5858684173283077
0.8368515091211167
0.6054822927550342
0.5682348475976979
0.6851361332628747
0.6989689152617068
0.6566112466599321
0.6353248197901675
0.46573230607707483
0.4911426887985696
0.6079666440471734
0.4612259718423415
0.5941946453556599
0.5083170311424146
0.793858704417357
0.3177758823018084
0.19482529425936057
0.5864845445465607
0.29218773607473825
0.7281712984532241
0.5980499916888298
0.6238428646103477
0.8478228934997977
0.6413946677778698
0.5960059474979491
0.47287962665062666
1.0824837305880852
0.4403977272727273
0.46785935908859466
0.3660434646436528
0.2012828373254698
0.8049892468398878
0.5942421444198034
0.3358514592511014
0.5613048124286124
0.587355572347894
0.13747665053895142
0.692247829248942
0.5601118363593056
0.3535732109950861
0.4786302128940455
0.6286779362470711
0.5447583762886599
0.6261993420395523
0.48239902409038316
0.3490397414977672
0.6969382143505081
0.8341273356958764
0.5888137980597814
0.5300902475785728
0.7949788949980536
0.4817193172378783
0.4834220903222437
0.33425377155172487
0.4871472523795358
0.5204747867921746
1.074732851057579
0.423888918910573
0.7366872740185952
0.5180407072368423
0.5964253022820165
-0.05367616043222312
0.5733190535244466
0.470377216872397
0.5456385637793786
0.4142622514204549
0.38266536889486735
0.44527866633858304
0.6002778814080056
0.39208546236291053
0.6585018863063008
0.6043441447805851
0.36457274483039026
0.47215550199468104
0.4266168415968038
0.30031154760805345
0.5465617941840768
0.6254188153585382
0.5141748378394763
0.6412982732926111
0.6617726069352159
0.35032904411764676
0.5048404555722895
0.5069039363989096
0.3094880311145881
0.37766324831674514
0.0967428623057468
0.3508663527754592
0.6570512860711991
0.7382525687231369
0.41960400655515395
0.6748012224645181
0.6975141132024141
0.3516679584613699
0.6152954432495932
0.7866226002742543
0.45843621359670694
0.572147259620122
0.22311745304114472
0.32043663930084854
0.6641020082339212
0.6721058399856235
0.287568329405962
0.875138613536781
0.5068265420555128
0.3623152512770432
0.2537912099149212
0.6137836303103219
0.37431536560572076
0.5283284656192017
0.4584339488636364
0.4376385145669993
0.5270750489257161
1.0341373719955993
0.5661163330078125
0.43761798100053473
0.37153640496926243
0.4083882054121726
0.688729719179942
0.5216378966879158
0.5520286239495797
0.3563149298249806
0.4438611854534005
0.5154137315620271
0.5021297241830583
0.8209422667675959
0.4621003970620122
0.5598037899761955
1.1330646892170317
0.5746228105095541
0.4179009759463722
0.6311011279416261
0.5081039448553317
0.757356389913508
0.5765476633975603
0.6959961904074562
0.8642245070797807
0.6427900390625001
0.6463589395259013
0.582749803913474
0.4062996139357845
0.2806815357852884
0.01257282385195313
0.42178857853982277
0.6549907910210299
0.6346560621780195
0.5307212209926946
0.3961709959733356
0.49954329182330837
0.707266671316964
0.5693218355144405
0.9134215789713382
0.6431813808497538
0.571173693754343
0.09140577879976053
0.5228084259969324
0.591197752457344
0.8015201580765143
0.4854709528357728
0.3747470099280389
0.8335975682639181
0.6240623371641962
0.327020478149196
2.2000711253612635
0.5574562286770282
0.5046682631504231
0.6509579918032784
0.5316032001273092
0.5242079482928896
0.4812433679966045
0.7483330015923577
0.5982199866427902
0.45460218153494925
1.0817909764387537
0.4694925922927462
0.635992832759769
0.6755436773395461
0.5496699763565147
0.2659492639961387
0.5986265384074847
0.5817819514744724
0.6125400471679987
0.2945377316095128
0.3796488830798478
0.93609183334859
0.7016455587741023
0.5963656840186469
0.3594808623590394
0.5493501551011026
0.34356576956089646
0.7673120794249593
0.4736099639839688
0.25252426122322935
0.5823798247167141
0.7538914583669031
0.5788474175503238
0.47908311217795796
0.20196310447080368
0.22379897918562375
0.6132762640693896
0.9160238788645462
0.5139012110667033
0.26076051179009263
1.2108834285864087
0.4321974745440208
0.14537162301718387
0.5825037802419355
0.3633870387610024
0.5777273178100586
0.2981320440573776
0.43638897340055616
0.47162514304373937
0.16457239980916138
-0.3314742388310872
0.573121859738918
0.7706843090664808
0.6202866141279338
0.9793205558259174
0.7419112829020746
0.49437051679165345
0.3865446303489555
0.18046201508620885
-0.45395733707739794
0.8628586783711704
0.6735361404675254
0.8619470412490361
0.9514143580261881
0.6495379887365701
0.5342934649923574
-0.12562119448423958
0.2921839595921454
-1.484672430203028
1.1661585928276272
0.3582220458984373
0.15495395660400446
0.9387699387169679
1.1149328770311442
0.6775324417372879
0.2987794458926756
0.9380610039893623
0.2089191648004879
0.6175325315457416
0.25177889907159257
0.3442675285533007
0.6839038033207356
0.5562502559796854
0.5553585820507496
0.49460529127992214
1.990890625
0.3323635280347478
0.6608100376246164
0.6056330834280841
-0.19475214397089347
0.779177295918368
0.6721358244945905
0.17433014774859257
0.3239241626381216
1.0902476540368264
0.360204215991172
0.7186240255197229
1.2042874792093143
0.6855066797240412
0.7197508139006665
0.7061768244811581
0.12581806282722907
1.1071608755594629
0.5736901332127923
0.6472041411404337
1.247679554332386
0.7784033254685847
0.5330368672520668
1.0584345278532603
0.4222748071743392
0.40922167728808334
0.503827207082245
0.2738577322738416
2.031538364609177
0.15142764624868832
1.051031396979016
0.6340435839074806
0.7596567399825788
0.17382812500000155
-0.6092651665647864
0.7538478063081279
0.7451948418674699
-0.42665678879309854
0.5348545031601122
0.5688938600018928
0.8204900568181811
0.9922610324471597
0.6100637079177058
0.41285973692092703
1.0990243501752337
0.8200129458778782
1.098657478831802
1.0756919790290616
0.10487432065217372
0.6055343469134338
-0.450693000218906
2.022270388719508
-0.39657224904498856
1.1544431960702337
0.7693653520331325
0.8679873846759676
0.7982278341775411
1.0029374292185729
0.11682357703969337
0.872143079223116
1.005130180790587
0.5367440422661871
0.3402215900789015
1.1071345653788995
0.6019773845431173
0.06102692679073063
0.5464512297124147
2.1393927928664853
0.741982024179864
0.7809264401355425
1.1710521097715734
0.768937237771183
1.0875783965030408
0.6440986469851415
0.9545789584992037
0.7808452695424701
0.6880512613808802
0.704736386508569
0.886115501310893
0.6709193231529491
0.2836059445368475
0.9878460709549072
0.6393056441326532
1.0143746452894438
0.6222436595153169
0.493429789239205
0.15593440358231636