
 SPSA MINIMIZATION 
a, c = 0.35, 0.17
shots = 1024
{   'fun': 0.06915364190666473,
    'jac': None,
    'nfev': 541,
    'nit': 180,
    'njev': None,
    'x': array([ 2.7693492 , -0.33784466,  2.80539906,  5.97537793,  0.86296966,
        4.11225344,  4.26501722,  5.16933679,  0.97592567])}
 

 Best x Found (Tracked by Callback): [ 2.63226374 -0.14579374  2.76411665  6.01666034  1.03685754  4.10777346
  4.32446266  4.79891799  0.83884021]
Lowest Cost Found (Tracked by Callback): 0.023059341755319096
 
 
 
0.8623735580591123
0.8561352191943128
0.8814828591185461
0.8651463798451184
0.8918129927037907
0.8917489182608846
0.9070258424741905
0.8851616705496225
0.8850324500808924
0.861750642182727
0.8855723662330943
0.862746768470675
0.888190456081081
0.8779750109258243
0.8915322171951556
0.8641033449181854
0.8818299337624005
0.8897602107135527
0.8984877666339696
0.8952643322179069
0.8606515591433942
0.8964919508693672
0.8752097949522895
0.8779365259939463
0.9054924331216163
0.8968099401641019
0.8403977542775665
0.9208876596988963
0.8861032383234388
0.9361829587129078
0.7982518084956536
0.811620058524735
0.9030542574005646
0.7239398902266289
0.7560636596588358
0.8255253252532296
0.7042411374162396
0.7257387921102811
0.7307327595616486
0.7414791192720182
0.711401608910891
0.7636869026136274
0.6871682044606939
0.7197748990666946
0.6764022372774539
0.7300868353344767
0.7087777872530556
0.7756513218400778
0.725332766365185
0.7349465186692925
0.5919575111496311
0.8391177070961995
0.6149327819275516
0.7346848122133027
0.6755807531486999
0.5625318065816991
0.5828239193771398
0.6890395308260555
0.5972422001255339
0.6940465692141049
0.473246034982545
0.5203044998267631
0.5518810579898472
0.6020704519377869
0.5372233583997089
0.6301651315789474
0.5884422689286456
0.5060103935176683
0.49219389582480566
0.6822789386894463
0.5079571394836273
0.4372183881918741
0.6027613164661199
0.46815389121678386
0.4260340574397966
0.5748571650307474
0.43568741979099823
0.47386189337828877
0.43847908868660346
0.42586817341103655
0.42416553804674206
0.4909239201816271
0.447936582745765
0.670730148898297
0.34047783801020404
0.3508993845703956
0.44918454066440916
0.3660596130193148
0.33454170299619534
0.5670548225546834
0.3662065076260601
0.35182391048793793
0.4120010766902251
0.36540013309700714
0.3094058635571417
0.44827352460009695
0.41573241093808344
0.3639990198550991
0.33237011105294645
0.41236231539356405
0.28109968939866015
0.4028809601018942
0.3154769238628715
0.28585967367929443
0.3056630332755138
0.41923056861108676
0.26107658643628806
0.18101714931358748
0.39844709522700317
0.2662117257896095
0.31438873933997413
0.31613968140391535
0.26004590965236374
0.29308807461398567
0.318305565630727
0.23619831807054137
0.2570840189037281
0.3501680354847405
0.29082006849009456
0.2514608713201376
0.43579846702797065
0.23605628515522814
0.251831092382913
0.35421618897603113
0.2946708659686701
0.26322958099620375
0.28722144916845493
0.2435338602136733
0.33271963731463383
0.2277299896422026
0.2035819190600524
0.25305962822959494
0.2872605040590295
0.20237108236151602
0.7302248684101459
0.3337774894475829
0.2800640804030029
0.3093150402310708
0.33924169118073266
0.2642694448383437
0.23312063193174049
0.3293661386225073
0.31260001403705795
0.2671358195518805
0.27321991047745364
0.3495026342028674
0.13928630463530078
0.1996907463094587
0.21366565815649874
0.25162703846511925
0.3503867662059763
0.21196901832893023
0.26378635187176025
0.2011371424866626
0.14268274694055938
0.2250850144565647
0.36315008951932104
0.16241805326905
0.22826936989923396
0.31898277570475864
0.13936666012558863
0.20393063907369524
0.3481190448071163
0.1356726551193922
0.2232828206949301
0.34925509028247637
0.22121002429991266
0.2616973610829446
0.5474860216971251
0.1634455377331827
0.2920519164177079
0.4265134078757661
0.2498200892418737
0.23394519056824647
0.33584778930793335
0.18103273966723898
0.3551386863552115
0.19022492031775828
0.12380325054659747
0.22004214576220127
0.11831039689831069
0.12816301262743302
0.11761501355718706
0.259950588060462
0.046748149671052786
0.12277923803652402
0.300500114051095
0.32867304104477635
0.2571457057760401
0.3661882799683619
0.09389472746704675
0.2608906721868436
0.28189868087605074
0.11482064935225489
0.2454356899780743
0.18036463552104243
0.12380331151535073
0.322258193682856
0.3462699228605097
0.19506401866851064
0.3757623833699233
0.3211184207681932
0.1932965935181915
0.44218196954172906
0.21592857575796265
0.18911636619889682
0.24280957145391557
0.2315491396063193
0.023059341755319096
0.40234861732555516
0.3186117380786113
0.1878811470331383
0.14143916297117543
0.2016505335365858
0.0584059652545037
0.24732911881625452
0.19780131817465318
0.14564249584257205
0.2382039526284231
0.3658969839507211
0.19098441369590713
0.18383561008899263
0.17949282478441575
0.16009557829247734
0.3241578600963827
0.477657537990813
0.3156060757056589
0.3273627594227101
0.33589506809221115
0.11869807525724518
0.20069547144515698
0.1362870990612166
-0.08165673234001769
0.31996649762012697
0.13336955909259662
0.14921639341065118
0.3015402541136655
0.3848136174358191
0.17944190296310836
0.24403857292586062
0.25763438361729385
0.04253376082360072
0.20219545831046126
0.08503184971473055
0.12223658119399383
0.3238573546102068
0.20660385369667766
0.14573011237821099
0.2522142872179185
0.26041801842719947
0.16417649562256798
0.26828193862340144
0.2732921766464068
0.039637535780004174
0.20554486713742626
0.1551029660174884
0.06211709817174871
0.4037072862396569
0.17570075875124136
0.053877022713777145
0.19942256043808293
0.17716935073575468
0.17702550248445748
0.1871881336906145
0.1912086614621269
0.1810771029795344
0.10228699135522168
0.2665528857018339
0.3861076201569398
0.343324490417545
0.3268968413327391
0.1622468756162494
0.26173754236824864
0.1283472157057437
0.062020635500365295
0.25856453038839644
0.20849092628923793
0.19330654790051072
0.1581885519403945
0.38311936598557683
0.17335591713926324
0.2375429723535516
0.1587414022197906
0.13968374357680324
0.12416651266215195
0.09808867467813442
0.19387053549638822
0.3331323188054325
0.31812258201636223
0.07597111014931857
0.14590698372465338
0.23254280856886134
-0.09121184922847503
0.18893012845509316
0.07222047251146357
0.1589657893363945
0.6030649977128705
0.3186431844451785
0.30357030576315047
0.15238213921227706
0.3728174316498396
0.1562061564671301
0.23017130209763814
0.161860309347983
0.1202524629460523
0.3784583357659972
0.2924389277785735
0.10334892708534937
0.4045815837965202
0.7351761638541422
0.2513583373230981
0.11148558340168724
0.18231581306857958
-0.029253215730986604
0.44945134718710533
0.41907364186751617
0.20354973362785878
0.32876129355442507
0.26353691961729353
0.19297066561095222
0.13057748067010322
0.39038532961322037
0.07482742781199192
0.24338466414281745
0.28701997540087487
0.13269600455216557
0.28835586021686455
0.09397178613744084
0.07619613149080795
0.1630278161799814
0.25656060978100204
0.16903388896787064
0.161865873486584
0.16391100543478276
0.2483889842084226
0.28021679854576564
0.45962697843968103
0.14140306184415075
0.2840004770992368
0.3782530418053247
0.11968380958993463
0.15808972484498307
0.18440544625156507
0.0271920287197841
0.25069029742578874
0.1910825667842745
0.16738888089758353
0.2482684435305823
0.4874603945216682
0.17138490116491611
0.27939727080883614
0.3604626648869348
0.1900175715377319
0.14372668990919202
0.08563207468826683
0.1841744930186172
0.3608245665200752
0.37791316964285715
0.31792019947069217
0.20742449115738837
0.23030259069470826
0.12876959348446604
0.2728827297742894
-0.02711069159418278
0.13041929833312893
0.20479979930402414
0.38791130862329803
0.0780949519230768
0.2075988008668863
0.24025070862817643
0.21015203324337595
0.6494167686587845
0.3747987489442568
0.23575470427374756
0.6320981180726601
0.30561862126194317
0.29006717797120973
0.2868058465196762
0.04355675889497124
0.11678837613605086
0.1464146205357144
0.24643961936975523
0.25767286481900453
0.16613661504424793
0.24942900230276366
0.12690690970074237
0.2818236589539207
0.22836374294299788
0.19843596274337227
0.3237010579765137
0.23514075632188192
0.20648809716468186
0.3529451110495566
0.7491553090784672
0.2811606645673863
0.3080008370535714
0.4720671004940856
0.18931319374369326
0.44955015327974646
0.18690515684824238
0.17084211945861139
0.22844317852516038
0.10918621070726975
0.14556431883934684
0.4498928416687299
0.36555428819938773
0.22960361948393648
0.4557380308703395
0.2196933082145609
0.1455424218204434
0.19116145131401618
0.21367011494743315
0.14494644108032417
0.6160528933222873
0.21035625619750353
0.31393664968702095
0.2817414809960682
0.3469195952253935
0.158082595546985
0.4721407865966548
0.2942750233736302
0.06506785201872745
0.8268649193548387
0.4338736535454206
0.2744819020653435
0.22296156111419063
0.2016198117760618
0.08692904282927816
0.2615605242713246
0.18875498314426387
0.22428480384593807
0.5873107065417974
0.3241313126544907
0.25972746675422753
0.15863031615661594
0.1899464605109603
0.059743988183794894
0.31337154560647174
0.3208792568637804
0.1407426094575961
0.35435753289118244
0.18331487896860232
0.11722784260178776
0.2611808950575948
0.26414414277167186
0.26060307888399303
0.48270697713571054
0.06190489056243187
0.14194832798320145
0.11789678615884991
-0.00027794181450047084
-0.06971169874644323
0.32816174549255284
0.6809015371693686
0.30896251965091914
0.6401730486828053
0.4113129174618321
0.3514565860523897
0.36780814398232087
0.04591474831277931
0.05607880283648514
0.17683570950875505
0.18353061753785682
0.20931557139341972
0.04592934137658222
0.13625680268906282
0.2632158077848197
0.3004249270938998
0.5398647578916603
0.36092571697897635
0.18336810114118385
0.2405319378506695
0.1570723220329423
0.3336170096322244
0.4689166249654888
0.3091420088082403
0.066897440572244
0.21926294502360344
0.22392448607427096
0.313604013249839
0.46883266542956425
0.2776655896607435
0.4689729709145717
0.44589073493334563
0.15397570747475464
0.007379712718561193
0.0016523243435061508
0.12505242663992988
0.18729601682555497
0.09815386146496807
0.17141826458655374
0.3733193434915978
0.6308651215980139
0.17160264868692077
0.25075157593731157
0.30373157675194673
0.08896991964063694
0.10366747654155495
0.14842799060048695
0.2554691908860047
0.3343047728429924
0.45437757008312696
0.33160483150158915
0.39932774697580653
0.26616582306338044
0.2665285125492123
0.07569961588891905
0.08478804347826119
0.032907562538604496
0.38108392763320564
0.8852426843933725
0.2676654164352248
0.6054541134009258
0.4582868303571429
0.32351101758856116
0.13541122752451884
0.33946745499320663
0.1509517944659996
0.5184945192163433
0.09244666052232686
0.18699062335353023
0.299182096791874
0.2037242275787451
-0.1822679109294314
0.18151340348409462
0.3561544552364866
0.26378773467007377
0.27606997282608703
0.2847765515734264
0.07902250180033377
0.23218849069257042
0.1000082319367791
0.15258761517487773
0.18044943644612754
0.386707821592435
0.2227952807803849
0.465821789901664
0.08018699786748684
0.05934354897281613
0.5787899281509696
0.3854281266060646
0.29816833865010084
0.46704998302509093
0.2214897725818833
0.13173132858425873
0.1884418163524182
0.22630083973283444
0.08739597832360135
0.5283602235594624
0.27192545618520614
0.2265869140625002
0.3656905686725501
0.2046788758116882
0.17194503917638515
0.10152232671800954
0.3952502837932238
0.17383830145214219
0.4845994295547098
0.1771452173410163
0.14777962967544067
0.03273921763576504
0.12196408169763295
0.17679539226112595
0.4921352578015019
0.1809517967979284
0.09604212344482987
0.06915364190666473