
 SPSA MINIMIZATION 
a, c = 0.35, 0.17 
shots = 1024
{   'fun': 0.28200546074890265,
    'jac': None,
    'nfev': 541,
    'nit': 180,
    'njev': None,
    'x': array([3.30164532, 2.15527634, 5.5433728 , 6.43128101, 5.21820675,
       0.37787701, 4.83529605, 5.64080813, 3.03259668])}
 

 Best x Found (Tracked by Callback): [3.30164532 2.15527634 5.5433728  6.43128101 5.21820675 0.37787701
 4.83529605 5.64080813 3.03259668]
Lowest Cost Found (Tracked by Callback): 0.1509277792950784
 
 
 
0.9948469157052825
0.9929380052476197
0.996408265680605
1.0076192396090853
0.9957388892782458
0.9969290239185349
0.9996728957978659
0.9946815092782502
0.9912399948005223
0.9995677900543852
0.9896495060790274
0.9952765921382352
1.0006283714304178
0.9933185838118719
0.9872244393812323
0.9965863672453132
0.9981273070992461
0.9958356889426077
0.9910633870087336
1.0011841162663089
0.9968150854110718
0.9949284052051671
0.9989206031073227
0.9937148713212125
0.9978640785127794
0.996833371893432
0.9457826076587854
0.9691613682130071
0.9963243855854197
1.000587451715713
0.9899366612543985
0.994393505948357
0.9993328255603225
0.9881944989824628
0.9988676265349964
1.0013991424973223
0.9644122087691227
0.9880180006532572
0.9705885078158356
1.0017432776162791
0.9831856869858482
0.9939129980885797
0.9530395649809762
0.9633744949778351
1.0032412632316314
0.92353197920701
0.9596105965087061
0.896767782542998
0.997517077990788
0.9227486324142999
0.8904525695146335
0.9406311873885451
0.9163712974148513
0.9695283632020693
0.8435688977947309
0.8599159845489512
0.883165763618431
0.909053809120849
0.8522922338738631
0.8899801431267694
0.8128269636866865
0.8378463928989003
0.7567263507801556
0.8946720408262887
0.8024043160588196
0.7644856867951548
0.8607261824719364
0.7475862303324026
0.8015795219759579
0.7928318904732059
0.7697764342432769
0.8541255500873421
0.6975043412558024
0.75391738034111
0.7375334908192351
0.6888864085687321
0.7372966726243908
0.6771505251911606
0.7654645025406821
0.6968604375368714
0.6706079356079592
0.74748956914743
0.6655194107012379
0.7141576988170131
0.6008645970805393
0.6214059479998718
0.7792559642827075
0.5722711721377125
0.5505217631542376
0.5292998032233884
0.607261791973508
0.5246309491424609
0.6125336752319486
0.5396836510922595
0.5283142186401388
0.5782592108730019
0.563298613054918
0.5419543308058148
0.5501447319678443
0.5302798625277694
0.5392860974039906
0.5478723040451812
0.6007520789508283
0.5111284707631214
0.6303067051895292
0.505442185561633
0.5011466669334188
0.404402527416865
0.5858694785464882
0.4396933302238807
0.5321587016604064
0.5173966385009119
0.4009465675181352
0.380465275909194
0.4980149225838604
0.4115415331752498
0.37890266743216094
0.5323758521221258
0.42446796125967423
0.45889492449664426
0.40487948669918294
0.42986688482118673
0.4392764294809606
0.4539633202125959
0.42525403888172797
0.45726651919657746
0.4046595107245312
0.44078137440286624
0.4497945328484174
0.43379987339529846
0.4296367310725552
0.43754157168617314
0.43898256123670754
0.425377572854702
0.6196377688560162
0.28920869309262176
0.38520639939116064
0.37838662879715823
0.41268447914288975
0.3694964599609376
0.4550348811980648
0.2759327256575028
0.30806904726349593
0.37469558652294976
0.48853337440464517
0.28040720443258194
0.45845063409697706
0.4825415290734134
0.29519810937302693
0.4428130189260392
0.3304261519877435
0.3523309757419638
0.33527856133743683
0.38435252018097776
0.3667777911004041
0.3177274263219535
0.45730904050586507
0.3356419452988384
0.37276404436473887
0.3602472475592079
0.3230314335008172
0.3943396985291885
0.40260846507772285
0.30637985068221174
0.3874132383775577
0.37624131985259557
0.3531469851478114
0.34811705602036236
0.3758637834965215
0.3189995706157913
0.431902534978319
0.34989489371814586
0.3177450614463836
0.2977883555593771
0.37893622672448746
0.3775638896722674
0.38218710453306515
0.36592665488431875
0.34306205308229065
0.34788536658653846
0.40941311479322107
0.3260981427628753
0.44051261084280113
0.4278226407741199
0.31187630507807773
0.41796561729813786
0.4291052890454984
0.3476672770230912
0.42536435045684307
0.32434725163842715
0.30352564692948436
0.3851164485887646
0.2766380279002715
0.26289239625090366
0.36972854700005686
0.2827620769004977
0.2719257563045746
0.35693213023038683
0.3536869886599008
0.2929834444347854
0.2551676656232802
0.3807106207283135
0.30602266884495466
0.41028691165640074
0.35080914210851477
0.27250594801534
0.3206940829987178
0.3937696703103468
0.3362451762830885
0.3992596600506758
0.3019356009476012
0.3142418200817466
0.3567341549295775
0.30087424914972205
0.2537551045528267
0.2878004807692308
0.3980163261499916
0.2587499359893487
0.3600087982851665
0.3763657444358296
0.32199707231185004
0.3013322824075887
0.28880054653969955
0.3077941108627902
0.4031364974956716
0.38467717429480475
0.2154354996116744
0.38757614206619107
0.29837057296181524
0.2558841776098787
0.39599507747855234
0.33206606930295657
0.3048089387423982
0.3774930426716141
0.3321319582676915
0.29192286335693807
0.3818303968062223
0.35341166647181377
0.23886343461466475
0.3909089461616848
0.3591357207117155
0.35347932546463423
0.3445933438688005
0.3969799449717286
0.2301444447459836
0.3077835056904581
0.32362796732301324
0.27281835874434934
0.30662850707116807
0.31859979564933694
0.27787661957305354
0.2679693978960843
0.3415433028722592
0.2447919254272657
0.3469302176139527
0.30512401968542624
0.21379138661523345
0.35474233247136655
0.3636536807924795
0.3457018829491256
0.33925834925712817
0.3362102551024848
0.27675191369097285
0.30428690580138607
0.3305909141726292
0.23966734875977025
0.2572593538959652
0.4128851335757321
0.2850228279525623
0.3775631654402698
0.3670719122076075
0.33361421761650367
0.43093003663760243
0.4724829083052977
0.29703239023977623
0.337126174820802
0.3002660913074373
0.2786063175797894
0.25948819514028054
0.38160248652017636
0.27453522025787225
0.3888677913517693
0.28723224291521054
0.36088011290161004
0.353945170109356
0.31178352452531655
0.3283636526522632
0.20273021143412717
0.35665277978293375
0.32998579513387216
0.3395502337447013
0.3527045501166005
0.2230871550890865
0.2740745991286381
0.3169207668386649
0.3015008458146432
0.3131678711615198
0.3535485388390417
0.2855548562641347
0.4499829775779073
0.40159052880446566
0.2820523726584848
0.47512854182092246
0.34460657620183177
0.35739153378021504
0.28353134419743786
0.3576124015156573
0.2578019293113528
0.3684365159596604
0.35265130504856
0.23107217989089224
0.3692359473720356
0.3475735503779882
0.264487325225892
0.45133343904278667
0.373866624344692
0.3310673847514892
0.4273081904149475
0.47407648438274963
0.32401786632611085
0.33644157350726733
0.343575029380602
0.31221490522083883
0.3400929619798969
0.3119525175194394
0.30011467468909503
0.26513737744507604
0.29422039018156343
0.3195903296327841
0.23863972101364073
0.34087891812951965
0.30626041981396757
0.26632277694264583
0.41324492120001244
0.31691102120071535
0.24455490944158254
0.3440056879351181
0.2773095694493549
0.3156754604516212
0.326790732353776
0.2910076036298116
0.3190708825107297
0.3056403207539208
0.2405049857173085
0.3267016392244738
0.25198941877587744
0.25026060423606733
0.27973678122441326
0.3103226356199772
0.24700082471034568
0.36098511703597036
0.43079370777027026
0.3208364931789235
0.4435498519385448
0.41305257719338684
0.27558305534652383
0.39110319798607895
0.2894413596325063
0.2756683795003956
0.31896879725466687
0.3390879511381958
0.2920099047624003
0.30060458890167274
0.32841133733917094
0.31890590802825314
0.3805125417441664
0.25731151603148716
0.3512277952841315
0.3884030389724714
0.34947886451136556
0.33490458549052293
0.38258705266152593
0.27434305114104096
0.2759031986443111
0.37087568163311624
0.3711569104905911
0.27956264785524365
0.2942726518854749
0.28762326365085356
0.3756045873337568
0.3025144381153426
0.3305771896793879
0.33409251421126274
0.4014137662783488
0.3367144449009094
0.3211198286576705
0.24346815425917
0.37983379971636433
0.2244869186046513
0.2947290951671617
0.3611794885528895
0.3184187527671193
0.3136878867157069
0.40471704416092846
0.3046267436928918
0.3296496332908164
0.3149624245770092
0.24955019147812318
0.32885332987142046
0.3869979735673592
0.22064793946760275
0.3683895821175561
0.3830884061338292
0.2835802521336388
0.30966706229873087
0.38900769447361305
0.2909779892610308
0.3378389483279317
0.36051811557742985
0.2064184552214604
0.3106320947575625
0.46413502161236875
0.3187227765853835
0.3691113658208749
0.5261493863001071
0.3207551384672409
0.33120888157894735
0.32830452400492405
0.2773591553659557
0.34031761663314875
0.27055040633881744
0.2916666013272782
0.36576758215681227
0.3299363770566267
0.22379321101765415
0.34877333073754024
0.2632364865213266
0.26779097319169376
0.3770198451093911
0.321057343620883
0.33039804464418154
0.2936519163520124
0.35936629658699626
0.26939771463765594
0.29335601435981795
0.2906049380694187
0.20564508072250653
0.2981362089170969
0.29798316913906076
0.3195395104295702
0.23746283826371972
0.24377301649476912
0.34866594196659206
0.36617278270588915
0.41150318063080493
0.312523320300541
0.35769495906155757
0.4076562143590329
0.3275416306903295
0.2704937266943944
0.25781332794616363
0.28450473928314124
0.2805538270309862
0.2712484555620708
0.29422983022836546
0.4184968256737893
0.3367324194120429
0.31501857603396766
0.3440567492266201
0.2739920403369607
0.3124810043919214
0.3200636871149898
0.361816356993342
0.34840457224497623
0.39714439124655376
0.2721569051070474
0.24976573547844538
0.5378489013506655
0.29126322840268526
0.27087843398242095
0.4398686146259255
0.2634437182764455
0.28952510217092
0.35218318196376275
0.2639420964220912
0.24954082866283112
0.2819069602272728
0.3657757059343918
0.2743878492949774
0.322397259061733
0.2740278184000323
0.2916652379410992
0.38235637882121365
0.26216043552470103
0.22340401226186501
0.35934260364383186
0.38881009984148096
0.2527130091897146
0.3511488666446063
0.40401235841629424
0.2930660667728854
0.3770853077930999
0.3145976224364939
0.2331834524938261
0.42647769614735664
0.3833637363470874
0.2935674597421716
0.32964371807447446
0.445627121868415
0.28714135065152013
0.3416936865960226
0.38501107847042426
0.2831266077040643
0.35707569920811066
0.19613202943517183
0.294922982393083
0.3497295212939793
0.4459858079866028
0.2162990809753732
0.34109062544876867
0.3448755451526103
0.1509277792950784
0.3294645114240593
0.39099045989680214
0.26203302865136013
0.2876603342828419
0.3240110829040902
0.2848764403492311
0.36620705668174525
0.40715560767208414
0.35127234873249535
0.34652261032856524
0.4877101163556218
0.33080880668318524
0.23461595350790143
0.35582410575143664
0.290315088789721
0.3940126758603961
0.4274582435344829
0.3015197112469684
0.36012869507726963
0.4236567796610169
0.28207888581443363
0.28047332827542903
0.28208370552774387
0.29099828456582943
0.33507836246200606
0.41672245626516813
0.25324514486800564
0.34876565714828844
0.4841323605813027
0.38306223334427314
0.31252966217765776
0.3098681918241897
0.2648978236810361
0.4106958209689251
0.44941456124403245
0.2897624372152031
0.31097112857745723
0.33392465206221467
0.3637661632195778
0.3554957183595575
0.3990276735387822
0.3536341178138084
0.34863905453913857
0.39273764438783443
0.24192986263061533
0.2863731238739933
0.3247194335715371
0.27628762885138203
0.25833913649025075
0.36616697815792276
0.3279627512476422
0.40613758711019754
0.32882917025271896
0.3003681466196557
0.28200546074890265