
 SPSA MINIMIZATION 
a, c = 0.35, 0.17
shots = 50000
{   'fun': 0.13368629742912186,
    'jac': None,
    'nfev': 541,
    'nit': 180,
    'njev': None,
    'x': array([5.08740132e-04, 2.06003144e+00, 1.65784833e+00, 6.33616470e+00,
       2.28204623e+00, 1.31080912e-02, 1.69165481e+00, 2.58846160e+00,
       1.78030559e+00])}
 
 Best x Found (Tracked by Callback): [5.08740132e-04 2.06003144e+00 1.65784833e+00 6.33616470e+00
 2.28204623e+00 1.31080912e-02 1.69165481e+00 2.58846160e+00
 1.78030559e+00]
Lowest Cost Found (Tracked by Callback): 0.10824241136184953
 
 
0.701122323954559
0.7041821776623094
0.7068533109233384
0.7097873450520789
0.7120523209959004
0.7072246760352552
0.7134205494327748
0.707681622748016
0.7122136199599785
0.7045306142922263
0.7104709077556917
0.7112942518293015
0.704520956037712
0.7037187711396162
0.7060483582676493
0.7079567708358112
0.7094167678596439
0.7065292434168448
0.7131986739755523
0.7170503387769789
0.7067596523361372
0.7074460990570388
0.7064988151879394
0.7094812556062967
0.7130350516378274
0.7116519743505394
0.8290906948735548
0.5902414187225602
0.6240632519684091
0.6657960866738133
0.6286013494006708
0.6268205923184672
0.5824751299220321
0.6440812804174298
0.6058187672699413
0.7446938310262174
0.49863359918966776
0.5122314138971025
0.4250477706020752
0.6979303327308695
0.44750524072628584
0.49024078247207536
0.42994715737178335
0.4426375628134551
0.4892964772366205
0.4678831866840307
0.4341048089581643
0.37258879739950623
0.6192677443702435
0.3807734049395869
0.48043647286277336
0.35571485690410143
0.3613311128035458
0.3969687942083292
0.3707890845751579
0.3562585338549763
0.3361508949508787
0.4027567659106783
0.3454592835672168
0.3458292250794419
0.36187626231368786
0.3418620030394782
0.33416672490328025
0.36369044327845124
0.3373843938283677
0.38394836791854836
0.3195596396350858
0.33207690612447427
0.36460767684237394
0.3362784163604279
0.3312103683304237
0.33615697630227803
0.3440374554792762
0.3274272555466782
0.2737916819539249
0.441111246079833
0.2809955713221204
0.32472902446054586
0.25781811111294684
0.27550014125090094
0.3064620791816224
0.2620284585594119
0.25967386192272546
0.2451267563129601
0.3075055754728373
0.25831611573813795
0.3540463825544816
0.29175164414116217
0.2520337334827566
0.25169833592667523
0.30102808833992123
0.2544253348431764
0.2719931493712586
0.27573174457467164
0.2539425121126303
0.2617830175791629
0.2651239103790598
0.26090718450730355
0.3117713638239239
0.3290522178619629
0.2607229446097522
0.2835951320627387
0.26584618501809665
0.2596480969845578
0.30129430543761515
0.2675695864874884
0.2487583518070816
0.2517583449856392
0.30940472316556966
0.24484167145465385
0.36094361543394216
0.2830745172182789
0.24767142322782698
0.2681908341146473
0.29714392171288584
0.24542029752478367
0.2996951180926526
0.34894881966085045
0.246362246834139
0.3091155541369751
0.28992813303484744
0.24314138785471873
0.35492204253577664
0.31478470722046437
0.23807962125193693
0.2722174625806042
0.26714362164691385
0.23365879657879574
0.29834607290949855
0.3574860564339547
0.24794350117239738
0.31128517779267273
0.23969794714819737
0.22071824498153492
0.2608444713310557
0.24984752897337703
0.23541940489727586
0.27246155531474436
0.23857605764737888
0.22343744085111183
0.3069577784096448
0.2778936179626448
0.22034858204704688
0.2548771724954637
0.2776898973739156
0.22820801596231532
0.28318384152506093
0.21571112906190693
0.21692259765698285
0.302573530240027
0.35131924462399755
0.22253192318200943
0.29901823427933893
0.33135642482272665
0.22939852129051008
0.3373028299151396
0.2946067834887982
0.22461584673505086
0.2980403995012385
0.34202284576784325
0.2382215172785579
0.21770571930712124
0.2725279894471333
0.2115455534131664
0.24354875290595213
0.2643625308444828
0.22171635492464536
0.349518846580686
0.2876167447518503
0.22910660927297277
0.29156461079787865
0.23036054043681176
0.2070314711262392
0.3002560143937214
0.25088743226343324
0.21666999322642488
0.30711872509521476
0.32206849144674454
0.21925959050632782
0.2976934943982906
0.315967985278361
0.22086066404086058
0.2946984128072295
0.3309735957888851
0.20807261817497658
0.22682106078279474
0.24494509317068125
0.21419375139815056
0.23054254687746978
0.27078045933011496
0.2106081282820189
0.296046374378782
0.29332170155287574
0.2163237674696319
0.2066678422580681
0.2549412639992532
0.207264284010783
0.29073644399114373
0.29210563901476294
0.20498324835875492
0.2704630670577186
0.2081821792900933
0.20388384564582018
0.47942663461092905
0.3069512427784947
0.25974489453006755
0.22325489644357943
0.23868838091443167
0.18684705128416745
0.3516073157153585
0.25333343822818666
0.21717477332874424
0.49852234770729487
0.28095057408024227
0.2381858409421279
0.2145260826507952
0.3398726017391305
0.18895360129572825
0.2965952671808867
0.23933325572456732
0.21027228695328437
0.29772972019799104
0.2608245929924653
0.2046952623132947
0.24874314619303428
0.23495978525991967
0.19734884798119556
0.38865991624600504
0.301310052478179
0.24087070369505492
0.21602226909787825
0.2192966046890913
0.1964334821079864
0.30788654513399616
0.3085270672630802
0.20774684319542513
0.41753583476826583
0.309625465494333
0.26904085956602586
0.17982715519682002
0.2569490881649741
0.17318850537072927
0.23379043033606484
0.27263503891419727
0.18819172193474665
0.21652241929884053
0.23909048374027186
0.16636722760189515
0.283644064770058
0.25856620704340316
0.1710828056499839
0.2222800874387374
0.21101323583906428
0.17942676730386797
0.20497413941863663
0.2062340733164637
0.17334079453956874
0.25960388075557916
0.5349374671062157
0.22809851492596478
0.2111861016495844
0.20741532144605157
0.16222142028206643
0.27249047425788175
0.2876026985169744
0.17974176102697415
0.275731708746648
0.23279635564667867
0.16384071150362234
0.23943476426592536
0.29112114593795146
0.17949627574859994
0.2106401011620016
0.3079312927355753
0.17837654017745264
0.3110551784837966
0.2626461897950306
0.1856882653851316
0.2104849623119962
0.17851023664525156
0.17521420536685706
0.24270201694573967
0.28654617083788425
0.17221004809672213
0.2590568606864724
0.22016010994263857
0.17409962801736412
0.5197964199990017
0.3052079537241533
0.26137113848072524
0.21669463737761074
0.17503125429302657
0.17339956332309858
0.2885579972798783
0.259174730544384
0.1700316672327794
0.30544413222487554
0.23719420659513346
0.19994925026941524
0.2403184489375697
0.26302804951626213
0.181481541868043
0.20742577420526465
0.29105792190748636
0.1892395005385602
0.3041939989312933
0.2800356400666163
0.18791753856103832
0.3231820541153656
0.21659491564991573
0.19532408833381232
0.4236852360574317
0.29230359026977637
0.23990106582499204
0.16503092953974696
0.2658708458306278
0.16231011461020384
0.3030669000073849
0.4572209575895161
0.24661677646829505
0.26174525951975913
0.22747400594801193
0.16618817717498136
0.18684559990500615
0.20972694237775658
0.14964780858385818
0.24695046694675504
0.22551860259501955
0.16495014012206688
0.207227586838171
0.25228500167036294
0.14456321612228906
0.20155181051758042
0.25076940086823873
0.15486877983608327
0.19310843270914757
0.21832773813158324
0.1436131049717435
0.40004480933478703
0.2787561974842795
0.22526105003148156
0.2953034509417729
0.31760235147398164
0.1445984405394971
0.2655011868568353
0.290650805710138
0.15380512740634722
0.404712729641896
0.301291834812091
0.22974069154596877
0.29483694625307655
0.2532760001939458
0.15606585903010484
0.20148632574858205
0.2477079792126219
0.15154203027151203
0.25138635234294404
0.18154602794470254
0.14506455171297772
0.23857643725665945
0.3215730761914689
0.16706286461269249
0.32752188347606614
0.24816917009591255
0.16071468046387694
0.262518487755819
0.3363445856584649
0.15517451346725042
0.31175887790148504
0.22033399050528102
0.15569430081243385
0.19668922026016333
0.2011229282432485
0.1489999526113669
0.26265812711228287
0.24693268274061808
0.15209061801926216
0.25486988316712056
0.3225999110525448
0.15724832722982995
0.18662277934502636
0.24944598887480296
0.13814307260022607
0.17403797914235974
0.17068645309607056
0.15773253712455115
0.3002463950329609
0.21194097658304467
0.13870266927877517
0.3296266130802121
0.17766023402862063
0.14990184480911928
0.2007012311665951
0.3744477917856076
0.1510442269350709
0.22964017327728292
0.13802298454508155
0.13177400478521561
0.20087642222606972
0.1763891441298473
0.13423123427676287
0.18528708040350628
0.18317421417884194
0.1415774261977365
0.28201864738303406
0.3313668239286991
0.15688453618540366
0.204702226516439
0.24484470836431593
0.15273139688917625
0.31072069750744225
0.38709777234900244
0.1741841059172463
0.33274585733786044
0.1996227167853949
0.17512839065171948
0.2060598254315792
0.37066266357055055
0.1503430106776168
0.20833622976645294
0.19632181594921272
0.12474695533975655
0.28764251491998005
0.2292218812225948
0.13511925136388048
0.2915877632170857
0.23556029585820104
0.13982817194444563
0.2928838266000484
0.22991440820339737
0.14133396925933028
0.2196690418828543
0.18843318507454232
0.128238255920456
0.3234513663394598
0.24431103883970684
0.15603651600736734
0.332621989792787
0.225622288546938
0.16531837654479464
0.1617873741425293
0.2035156400858218
0.11256668543789972
0.7460035514595799
0.3014692502353109
0.24657916541303648
0.2220804944395014
0.2235913893791306
0.1424330924568895
0.26075776909293136
0.31359168442484375
0.14126111138506525
0.1488882269101579
0.15519224680282107
0.12821123010081126
0.2973682996772299
0.2727834728162991
0.13782464267655492
0.2284185419364987
0.3301471032100066
0.17031919206747892
0.19599159832942825
0.19211761392804838
0.13005785743709553
0.19130362580932025
0.29257883427064313
0.16126485388933431
0.34757394058619595
0.30630906272069314
0.15710912255245424
0.2671658299203532
0.30700251268649703
0.10824241136184953
0.22387065457096345
0.428627196453374
0.1829748865669525
0.2684024329809893
0.21898394381910136
0.15131361311234282
0.22336725362317245
0.21770269506763495
0.14603184628707377
0.1662497517380045
0.19508867794362073
0.12696730001033973
0.49318707600324496
0.30741951857663574
0.24419582024973263
0.2834709500254854
0.234008700008577
0.13190333969281431
0.22126766046983215
0.17262526236972164
0.13991693959880058
0.3046130459921419
0.22979102380333483
0.13502336184552577
0.20050842384496925
0.16959441295645206
0.12732223100692275
0.3304189897796369
0.31971906105201975
0.13914010791741915
0.34003708281018064
0.5685585678481071
0.27339500587901455
0.22472700202728735
0.20862317272282038
0.1190236069013566
0.20528239155313366
0.28482549743266916
0.1386407803969698
0.21512253037335238
0.23559672318443636
0.12737010965675233
0.29584178321743526
0.34887688106408554
0.13750798853316182
0.7092317204374947
0.3376186987255695
0.27123613912732847
0.3652042492641463
0.5031573244115315
0.29424781094664454
0.2062990331501171
0.1509747207011668
0.13304740390281256
0.24030510855062093
0.22194083042477986
0.12247410873087472
0.1967808172150829
0.18356832602123296
0.14053891724053158
0.3758070186473972
0.21058929065935528
0.17337073212395548
0.2550692960821481
0.26966901378230645
0.12016968516813997
0.3438767926791244
0.5925774653665568
0.2756417136606535
0.3245919606010429
0.2400359385290889
0.16109823106342547
0.3850174238037587
0.5809827367696807
0.298675093287774
0.19232908442989438
0.2296874990659511
0.14441932917399036
0.28521912480108047
0.20311751146122137
0.14821220470884056
0.36254593801357304
0.25257810835092964
0.18510438114362837
0.195215485891982
0.30971728940244836
0.16070072798456647
0.2966092432953249
0.23565752638568183
0.15729698038606543
0.32141773739467894
0.6086865830261394
0.2544252485716947
0.13368629742912186