
 SPSA MINIMIZATION 
a, c = 0.35, 0.17
shots = 1024
{   'fun': 0.15371235166934838,
    'jac': None,
    'nfev': 541,
    'nit': 180,
    'njev': None,
    'x': array([5.17579716, 5.8284653 , 1.30498745, 1.56368883, 6.56718779,
       4.8331083 , 0.44046798, 6.18997337, 1.14974122])}
 

 Best x Found (Tracked by Callback): [5.31583006 5.92176573 1.44502035 1.65698926 6.66048823 4.92640873
 0.34716755 6.33000627 1.00970832]
Lowest Cost Found (Tracked by Callback): 0.0026365320267718317
 
 
 
0.7633581153642461
0.7588775050248284
0.7060905565017771
0.8059058694071748
0.7710545313602162
0.7011927129639919
0.7130145273536712
0.7621996433697285
0.7253537895574016
0.7944814433770093
0.7685461249177992
0.6922682226651157
0.7769476944511025
0.6964056620289157
0.735637470747629
0.8003073347465859
0.7905679703445792
0.7485518976392527
0.8475349907417492
0.7194413707228815
0.7358155253217682
0.7341045258943553
0.7356924391419188
0.793521934831646
0.7391509819095762
0.7718006423351363
0.8443087740738018
0.706463927660101
0.682438470679133
0.7450248189104978
0.7037738625749201
0.6476683636894647
0.7106764660312318
0.7014893248515991
0.6812134233241691
0.7437082009746625
0.6798458197731243
0.6627810984334774
0.776853800947517
0.7209267836844249
0.6763337098097708
0.727671014894216
0.7065864760934025
0.6471514942980732
0.6948029137701524
0.7894273149618805
0.6776045840611944
0.7917993222329952
0.7265463047221861
0.6957544104972277
0.6927621472787355
0.7455010289503095
0.7067518759658021
0.7207009019844448
0.6125477067630432
0.6708083449228821
0.6333385928085248
0.762468097847898
0.648186641904311
0.6456110152760051
0.5557197453794729
0.5106031954306884
0.7523388766543033
0.649158015839041
0.644774967014893
0.6692458328530496
0.6152517966469349
0.6047276758784498
0.768197803228567
0.8169200614896438
0.6324018377327172
0.640900080416436
0.7256196311156675
0.5921951386920787
0.5555907925060506
0.8102685466433278
0.5988504247080764
0.6334563535094637
0.732049235157512
0.6309750125929945
0.5293398775639822
0.6676615914599596
0.5745935991000879
0.5578049282149571
0.620143193472195
0.5093093904375443
0.7041035526728328
0.6536033130186722
0.5931792446862347
0.643367398346071
0.7034589083837928
0.6258681215774262
0.7201862900201097
0.5571444930781758
0.657053704823563
0.6302368015154358
0.5484842377881449
0.5178250760756747
0.4218807525420756
0.6617492532947407
0.4976587397564306
0.7770168414040779
0.7061553037256227
0.5188904688400922
0.6220960933111777
0.5878449206218155
0.46975944472616626
0.5938598694123556
0.6674035411173367
0.6282893358694195
0.6178255092120362
0.7557946154070672
0.6145461610725851
0.5232422796937692
0.7067595791755197
0.4344201266953257
0.5771668720692558
0.4467752854215459
0.4388405004963034
0.4065618125392838
0.612405942664156
0.4217779503105591
0.4824533354238184
0.26285662862628
0.5097732334154443
0.41544517124478497
0.5420258064238502
0.38200000899021835
0.5653435741088184
0.6523519367514969
0.03555487414675784
0.7187082907658846
0.027048173219584526
0.05622392424738354
1.0753104369695066
0.7759183160909713
0.6584944645485771
-0.8850992333074466
0.48912915621079045
1.0712183902138155
0.6907293997762151
0.6575500099522287
0.7074768456823025
-0.03667200459123143
0.625190785389072
0.1837812016253857
0.8009491441303866
1.0529152960526316
0.512652537448347
0.7111598142281104
1.8336548783396929
0.4589449260614179
0.5666201738773275
-0.7932435242395379
0.055187944839858005
0.3211797006893643
0.29304584703947534
0.9446673501131226
1.1301723881485004
0.384081925140348
0.4740531911741471
0.8564913974719099
0.9518475132821725
0.9515988239410902
0.6070827095808393
0.6721798876854352
0.703347821302818
0.500905056877615
0.6921338972865059
0.7626749288425039
0.9928168976671702
0.9173016411648568
0.8392861677275189
0.8184343335276183
0.5639965357553134
-0.0037939399644026928
0.7477184256055365
1.8259250277161818
0.5237999439637202
0.7772154960131334
0.7084514843427034
0.5782140783361487
0.6306319094789847
0.8428634070326475
0.331733080621302
0.3274833162217681
0.9300210336538461
0.4528630742963594
0.9865244625555106
0.380730313876652
0.21985481491416337
0.8016180605950654
0.6118148528632025
0.7754998907342658
1.1257404469503283
0.35222197148904455
-0.44228691758516736
1.0469364519817073
0.6577760858050845
0.08716657158159535
0.7108816762391461
0.9174856157765284
0.671619160742275
0.45425298455056207
1.178069291171477
-0.06659580161750567
0.3085604958853576
0.5412133904042383
0.39511144926550634
0.6948265235165207
0.38602989225139384
-0.11836379383484097
0.17494812385250913
0.26558283025568297
0.0026365320267718317
0.9975072631108463
0.6557477334847552
0.7161641666218829
1.205635377689429
0.28284425275190506
0.4897722973249343
1.0645680147058822
0.6754514498810062
0.2901643573113223
0.5308348758710804
0.2480005924170623
-0.14489847649750165
0.8211600013766519
0.40716865313342343
0.2978268593581813
0.7410654920212766
0.5081580697088469
0.9980328968770333
0.8441411755206703
0.7913019399518237
0.26195575842696817
-0.006062692110656354
1.0782362300916981
-0.24002027060331188
0.83695423128793
0.4777875913873041
0.29939746931021005
0.8311826135839483
0.200558344021311
-0.39349830863401847
0.8052625970131699
0.4670571128090656
0.3006994179076222
0.5870653427818063
-0.8824084051724104
0.10895040760869679
0.039376745810057345
0.6012214184175015
0.22602451347305563
0.5038988762387921
0.791271917420814
0.6453536745630803
0.5857351103347327
-0.16050188728932535
0.365562098274696
0.6181889430732483
0.7591297238372093
0.2489095811125922
0.5151180345184947
0.3956568297993186
0.219391061767358
0.5350862403986831
0.740974494348602
0.5456905386939009
0.6308540502317339
0.6477038229032777
0.24063634072580609
0.3772126429033654
0.4093183984747373
0.19070543696054354
0.5623503469507429
0.537974875749667
0.059047749644213665
0.4678389808178751
0.9403029709126298
0.06862723214285693
0.9797958339265376
0.36493734771515296
0.14097192043299545
0.6431822179419305
0.8527756984753108
0.584399850894632
0.3947458234212817
0.327534047536434
0.34938439229124685
0.5355956427688502
-0.3201620355989063
0.46894633507853467
0.4612922041654659
0.8242273414589445
0.3577434772678424
1.045015758625774
0.674711773723984
0.5749099731445314
0.4881181038951422
0.7581474836482565
0.47866635300216387
0.33742882053909207
1.1142811989749635
0.3219514023581054
0.8872760973478616
0.5901863371965168
0.610657584313119
0.9010502750755573
0.5088188954355611
0.42293289017107816
0.5435227829714995
0.11376540492957843
0.06106337565674358
0.46483979630566885
0.32503178216650896
0.7549448036892005
0.2110233306884769
0.6886761590229313
0.902708786315692
0.6943242009428097
0.6255781423226183
1.0520977808599163
0.6865286677505741
0.773179973074412
0.44724267705613574
0.300983658907927
1.1321396338318719
0.45468563801429984
0.29559471365638823
0.7657566713483146
0.6776546236989591
0.46909802406138257
0.33895037811991324
0.33257249387683785
0.5269008820746215
0.017047091013824178
0.2905095603537984
-0.26565304602240114
-0.14773028216486805
0.2688174460431655
0.3086708153514188
0.5653244930222415
0.16992391375260996
0.6767059448172474
0.8009366384403307
0.5079461914830845
0.5057385806837982
0.6853925176231137
0.13136150165406746
-0.1370946440182037
0.41144919682237424
0.8159106809701491
0.318744322713577
0.9492913589697405
0.33181899565672757
0.9451553324815134
0.5252323025316195
0.3608300091551139
0.43970732084019937
0.2107260841067986
0.3911510172716631
0.8289494117217188
0.6041827134683099
0.4265406505798084
-0.00429375934695897
0.31138667439439827
-0.1902869417053361
0.4259899712597154
0.8314458264802632
0.18887982940291015
0.7268614566895852
0.2329331280951542
0.2824647034499055
1.0011462807131442
0.34273197831855196
0.40113748964742146
1.061474552532014
0.8374401692885296
0.4375486495943789
0.8059721972576006
0.47000675904021627
0.2863609382373764
0.4575657317230927
0.865688887266355
0.4282270972953569
0.9655927004363539
0.5239349622460557
0.39112427044843834
-0.29089980626684664
0.19295433326010558
0.18259277343750113
0.7515725806451621
0.5823979162349774
0.32202924308130376
0.4497359013496154
0.28658705748575175
0.3380423977051965
0.5202451191577002
0.929676288030999
0.5443358494420649
1.006052998571649
0.6319095321293123
0.45952854506109986
0.42932207516386844
0.8580616678994083
0.3301958858092028
0.35844898516899104
0.7525985783261806
0.2913982880095677
0.4987245412720622
0.5049051765267192
0.6681711297286188
1.1297712279679903
0.5500535841112012
0.4428153214235717
0.4555472120685522
1.0279220855164672
0.4330673846702602
1.0596821689683182
0.5948576399423542
0.26000883654862594
0.6720241084881968
0.8305690243800269
0.38881283472857764
0.4497615782222073
0.8341379082042666
0.31884340023276536
0.8249256532761309
0.1077673371440897
-0.07788996909981338
1.1221933527241772
0.6062109479978499
0.3752099043647621
0.7972500501260312
0.6722676385309279
0.6814311180974295
0.47908275053116156
0.540976999766791
-0.2450767299107146
0.8927694473546358
0.7218423752233141
0.7434822213095966
0.9444840123081243
0.6736099267656499
0.5677706923477355
0.44037067221223003
-0.07397849284199287
-0.9707947672287371
0.16886034432305863
0.7979347088898167
0.4437332009097351
0.7587952121379093
0.41567876486830946
0.39670593460963
0.7469106097936555
0.7476224256654311
-0.0851740958121816
0.9279344043492843
0.693356077516234
0.31138837227577576
0.5430144284049219
0.8405294652242465
0.36058221323131123
0.7653391971523037
0.6420927005324126
0.5703589852675173
0.13038457257346459
0.6017869730128904
-0.00297403717720246
0.6050229423044504
0.4064238068046988
0.5586297633681624
0.25776558107590075
1.0659002997558873
0.4491997876213595
0.8946361133533209
0.7222553145327745
0.6128923359585579
0.9538720302111849
0.42390256723408537
0.24705439028532605
0.2279729396259983
1.2356811523437494
0.27893811012592473
-0.1457640669728053
0.38021150914634216
0.2705159429925995
0.37684450200534847
0.7127270347778585
0.675974142937027
0.6771544625642678
0.8025309928199529
0.38075060532687777
0.43671117855023756
0.33773061949898464
-0.36428883146221325
0.862854538941335
0.48370489536919137
0.3369328133108459
0.6089746811810666
0.5071234995100447
0.0838576401405916
0.5342542764321077
0.8125752433401638
0.4887784248667263
0.6851011600549353
0.570238702232718
0.6278241765456183
0.4205548845080611
0.8110696723041422
0.3698548517449951
0.24041115419708237
0.5215113353144174
0.6588447038517438
0.8073776726973686
0.578058773019585
0.5530047805731046
0.7225090558052794
0.6734830313654685
0.2857254989590877
0.6813930760929461
0.45729538228908184
0.3449682441546761
0.16476388243494444
-0.1363000374500638
-0.20957880434782528
0.9958440586563547
0.1916445883797998
0.10222133582746573
0.5756966544473092
0.4891610103862972
0.32392676271985077
0.686682554659032
0.7047735446051939
-0.6068628848346624
0.6381155756342749
0.38948665504291924
0.40066445584817967
0.5551617928883171
0.920128170117781
0.42148318021320597
0.7195049284311699
0.765462469633392
0.14607902292276775
0.6574106213120443
0.4627019980134477
0.041408671229339666
0.6813099315068492
0.5332013429516422
0.42703257415254225
0.60732530343067
0.47570420286152293
0.1647451954664929
0.09536676476326811
0.39963633978544766
-0.443886736718031
-0.12137322889127589
0.36258203125000077
0.13240297379032273
0.8105170859582222
0.33089557856748797
0.166754419791172
0.7723453028087115
0.5706325532568619
0.49899812059188
0.15371235166934838