
 SPSA MINIMIZATION 
a, c = 0.35, 0.17
shots = 1024
{   'fun': 0.2848635463800906,
    'jac': None,
    'nfev': 541,
    'nit': 180,
    'njev': None,
    'x': array([3.71198728, 2.39504223, 6.05235719, 1.52475483, 4.08075152,
       2.3045727 , 5.96499547, 4.18637421, 7.08063131])}
 

 Best x Found (Tracked by Callback): [3.59532061 2.27837557 6.16902386 1.6414215  3.96408486 2.18790604
 6.08166214 4.30304088 6.96396464]
Lowest Cost Found (Tracked by Callback): 0.18082864478524707
 
 
 
0.9488041635173841
0.9535397633956066
0.9435486144190619
0.9465737773752877
0.9450482599149994
0.9443167013586742
0.9552368855596226
0.9541180816216377
0.9438386793792605
0.9378018352081496
0.9421319737823062
0.9571176422120342
0.9336279909314424
0.9409610876979968
0.9335558424763704
0.9449765625
0.9568043208286348
0.9449796029468566
0.9472349500590435
0.9492226581259005
0.9410326358369956
0.9394084871265325
0.9554261596060981
0.9405823590070682
0.9400644231562448
0.949977010156001
0.964665829105479
0.9245931091499687
0.9408871921046844
0.9179648566594975
0.9761622688822305
0.9294455937309335
0.8642077395445431
0.954347006175007
0.9000798610201247
0.9154067745480816
0.9011680914039779
0.8982677709943557
0.936436125916056
0.8627795643233221
0.9028362556128926
0.8622718758898065
0.9219945780988017
0.8837316407999328
0.9153896575473243
0.8275301776659117
0.8611860538202583
0.8178180841463293
0.8893187521571561
0.8433315139944461
0.7875195126443797
0.8948506124953326
0.8082012987480658
0.7879568198554969
0.8217861808984362
0.7997424868845926
0.7654635619611176
0.8091373355508209
0.8059796192050857
0.7817635035686923
0.8086277236307223
0.8076277814065469
0.7804147014564873
0.7595221748575645
0.7986355305120185
0.7635747506950749
0.854417931732288
0.7825393198744897
0.784795992954237
0.7619606247334821
0.7480395327315066
0.6719127049799019
0.8571206021622052
0.7048275898007403
0.66275925895659
0.7362092470054096
0.6402678600820787
0.685974865168915
0.6510372596765575
0.6687386959118131
0.6670725468828399
0.6519805596504159
0.6592715249107343
0.6899907779461169
0.6982458781642993
0.6760718381757669
0.7039539679001339
0.6619526725099697
0.6627234518541341
0.6676521383694309
0.7018014897199749
0.6569020615600663
0.7274458393657762
0.6553519973565798
0.65526705500597
0.7224466254582216
0.6082412469084433
0.6287592518094653
0.6022378065659897
0.6797092911131211
0.6448033958959566
0.6794464872018227
0.5724427142959359
0.562809194962427
0.5755022293403476
0.6091695409037976
0.6066783877772742
0.5978988579381688
0.5492621743948601
0.5632827822161974
0.5674848141603872
0.5969022082899241
0.5746019940043605
0.5538107659429721
0.6015319211661982
0.5489390024038462
0.5133637077010877
0.6462141383281175
0.5559969041661982
0.577016295095425
0.6629012802899895
0.5529496948340552
0.6069904897342459
0.532073995013372
0.5082451979253221
0.4311307246648438
0.5809676502761917
0.4848028369031553
0.36797126579142936
0.5614947415865384
0.4931186873158433
0.4754740683056832
0.7231043688946808
0.3916650948412056
0.4636705487244178
0.3782763822790811
0.3512906020273652
0.4737823844762131
0.3818212180939352
0.3967192595108696
0.38025850430831765
0.47055353405132627
0.37993975827381843
0.3554895929451175
0.46106526588000285
0.36461747466420014
0.4022467375541302
0.3779603061100293
0.36688921481050274
0.4076094455464445
0.4532019388174372
0.39824576614404894
0.417904518764722
0.434716721628018
0.35403833432268206
0.38178904692879156
0.4018054877960855
0.3719622103337118
0.39583734415752314
0.4361708078738922
0.36917910072424887
0.3873147531590685
0.3454818335494627
0.3329515748452391
0.27576057845542856
0.4542979209773612
0.4071747207361316
0.2953842012558663
0.44590498623602937
0.2938547348571299
0.35220141960703644
0.3653351255166081
0.3280439790052698
0.3716948836210423
0.25235658256697846
0.3860608439623726
0.3008658261833469
0.36709420512480817
0.3085453667212612
0.40679978804929706
0.31970984099542243
0.28553385903472295
0.35106432115709474
0.3134586690998765
0.31309381102927014
0.260124997450506
0.37470126927103176
0.22764441262741564
0.3543448454623931
0.29286633411028495
0.37071598122820404
0.29703854077482883
0.34118711779793653
0.3105892730645473
0.2907544531897266
0.28678282922701526
0.24860919224165678
0.3376817504584353
0.3232144630137338
0.3555840160604721
0.2918123993949824
0.42587801468350583
0.2876316120106921
0.3544828664975317
0.3837812350906489
0.26957752947915525
0.3973326473886797
0.40436458420349175
0.21539551426840042
0.3515227959544046
0.3508843413691013
0.29956241516933824
0.3753375889793691
0.3524188257181231
0.2818723080399872
0.30244204823421494
0.36743899989663986
0.21392484116476562
0.2987319602843651
0.3186960255368748
0.2471690298422049
0.3366507794685144
0.3874279821993103
0.41133044265123186
0.31642334131713945
0.35567033400229364
0.3300616329915562
0.4684277929333427
0.35155591939016173
0.3104915796376956
0.2957435774030803
0.368409366807674
0.2950092837268874
0.34358686967329544
0.38078419803363206
0.2771005365979976
0.3339941031023196
0.3027158229471112
0.28615206899272594
0.620815621104031
0.34201344556912894
0.35137571823265235
0.3330749959608491
0.4398737251232343
0.34596533080726033
0.39741305587229203
0.28372132376338677
0.2453120385864752
0.35085211842475206
0.40495917656562197
0.35404825682584584
0.4202056871204266
0.28919589139636637
0.32934455867932644
0.3398827834067776
0.2983352142010598
0.28521865985243544
0.2800896546635183
0.32963383670463975
0.255518360645861
0.30748374140954726
0.37337482091690544
0.28657387444986326
0.3352026062095229
0.33544575148579825
0.3075820865605712
0.5497373787661646
0.3059806061016449
0.3305915589227312
0.3235440605228882
0.5083951408507368
0.30997487586961414
0.4283723890657485
0.38214130531310264
0.2715675567479494
0.42775709736959855
0.4001248374343982
0.2877534718281889
0.3985712567737375
0.4127366782544928
0.34569756307666044
0.47782439100284513
0.4123623924675762
0.2469280733997553
0.273335740757099
0.29865578338146737
0.18082864478524707
0.3441007883464081
0.47449243563319377
0.3568771244660347
0.3571815443475974
0.28742344886160465
0.23931359957125975
0.41335039578002974
0.28843284867695695
0.32274685952807336
0.24022377614167667
0.3333460389389822
0.3053329943078643
0.24050044730997033
0.2822844518619594
0.2801376330548244
0.5249184905234658
0.2740508185057944
0.34850069948949547
0.39744601360551146
0.2996269428860481
0.2950236710910302
0.2943297122482402
0.35871998691598506
0.2788590615460096
0.44615648013422027
0.35270887470856815
0.2718403968553825
0.30097212870334755
0.2879174768895587
0.25010714149358604
0.37901437770865387
0.29277563522348404
0.21028020917659307
0.3946628376588984
0.35681701448961944
0.3489713467304397
0.3605491868705223
0.26564918650133174
0.3148367618632505
0.2832242365410851
0.358368668574902
0.2922594293183054
0.2673933070099028
0.38186559137308373
0.2970196389811032
0.3292783979614047
0.2204321381964095
0.29308958551522446
0.3661681794068937
0.41304013804841155
0.2891379223652456
0.27856095237378
0.31095094767569353
0.22734263930955623
0.3500254551023041
0.3597198892932105
0.30312930920666603
0.3720896534433913
0.4322877862334267
0.2665371356999291
0.30598021045674617
0.3831817587968879
0.3754813991620277
0.5156852264885647
0.28562526910932506
0.2465224932855864
0.3712229536902353
0.3347166580167217
0.21786445469907723
0.3399985708841464
0.41066811447491536
0.3004276094057866
0.32819310027295145
0.34328409065877585
0.26070315436662084
0.3059065870131841
0.33602285900191886
0.31038880769929744
0.28866938862233593
0.3537264224986425
0.28573178624260365
0.2853586087631437
0.5053279244717397
0.3426978607800779
0.3144049434670013
0.3653299227931128
0.2963225825333645
0.3212399591963697
0.4275449336172348
0.3121756058287186
0.5634191493582666
0.3072116117137982
0.23289636180450746
0.3125319905964634
0.556459600608292
0.22559776644175278
0.37931258607191387
0.5303504400893752
0.3079277097385251
0.3513228917464115
0.2989774530775602
0.2617776434289527
0.22500701481529006
0.23961117067348336
0.2989585375588171
0.4181195400214458
0.3175217108862146
0.21823219367321145
0.3115060558935707
0.6008593160327911
0.23245489724936275
0.2556950173270365
0.32657283280621063
0.2998480850078924
0.30294281728655514
0.3695993582167172
0.2556622656467801
0.38133427417900767
0.4206138086120794
0.2627444159715697
0.590284953365033
0.3561672989176571
0.3337786635428762
0.5350107394511292
0.38858163448783767
0.34804438158501894
0.6175522251361307
0.2632795257453986
0.27327859054989256
0.3943906364552787
0.31198451735550914
0.33765042002508805
0.41374715308107013
0.25584468516387104
0.316071660924953
0.3647966017923834
0.35735319618866834
0.32097000381188723
0.3604439446920227
0.4567725984098019
0.25394581029190855
0.2964075344979449
0.37807220388761054
0.3431299341112185
0.44337666414922017
0.3306327393308872
0.3418470108009095
0.34189562101457527
0.32075296058287495
0.3039133111560729
0.34471781492599385
0.5623786529480744
0.24936682761516316
0.5225530014365019
0.31470151616906983
0.2828730260751159
0.5866232967494593
0.34352423592709314
0.25580955206053213
0.578144306487902
0.3184619571912184
0.3400135940502047
0.2721745516852315
0.36437603259237017
0.2489474907528576
0.5213978361497413
0.32414438655112243
0.3384691771070616
0.23437323820584532
0.35647576076295684
0.18774665370043853
0.3140905698687607
0.30487632549714416
0.29949263928383674
0.2569094045867454
0.34633909716377076
0.2243529679902757
0.2835217351498811
0.3058002596439171
0.2896598443524876
0.3122764550522378
0.2856056234709925
0.2803365040835383
0.21913090356334852
0.2952197676739573
0.2831039250550117
0.35150327980017537
0.4343990872006952
0.3390448176524038
0.39425358629507956
0.39069399748903266
0.2607403716530309
0.38160093377878834
0.40285112142731117
0.2643816037676727
0.2882345090825247
0.18401050029066557
0.24840331793874593
0.2506661941973152
0.2807623643400178
0.25952870329030653
0.31213335027633005
0.2559166235111342
0.23776847053332073
0.3321732237506311
0.3748903945719363
0.3366446573012071
0.3285333906513195
0.2347260727091206
0.3388487710999327
0.25217710917902736
0.2402303427177358
0.2318010798675031
0.37827129653778446
0.3039971410133271
0.26384044701533416
0.3436651311178601
0.3523828383008588
0.289825839246725
0.32429693007794136
0.2693322721179625
0.21396046694382498
0.3276886747299549
0.2167086849430062
0.2486394323745752
0.3650706128768758
0.381008048604214
0.30735009914743805
0.2615816484126321
0.18756642018430458
0.28633319062434637
0.26612403489157044
0.31586612153839855
0.2753094515653359
0.28049645443755444
0.3101920021730643
0.3618238820230585
0.3054662521519923
0.30217590751805357
0.2712728244687064
0.48828413367409174
0.39143101505420697
0.32809722383513196
0.3138961435442975
0.25793669680168163
0.2842735209074734
0.2914005422805218
0.3329947898095986
0.2984002985307814
0.32578186255088093
0.4373164533132531
0.35023991249127107
0.3502907856508757
0.31695268702401114
0.3091495096569099
0.49751247272843957
0.3538543027867258
0.3618691651761835
0.3339217566378453
0.37300169634314506
0.2761122496083259
0.25766594714235636
0.2808286161632536
0.24489862305361199
0.2863116105609189
0.33936557112068977
0.26042579395381027
0.24932926426305624
0.29269087777150493
0.2768704249487942
0.41957841924123884
0.37129611796741535
0.2895770116646238
0.39293517886148854
0.38704737903225805
0.23803268393518084
0.2451115808100669
0.27135947101160685
0.27003594973514533
0.2848635463800906