
 SPSA MINIMIZATION 
a, c = 0.35, 0.17
shots = 50000
{   'fun': 0.04697809897352512,
    'jac': None,
    'nfev': 541,
    'nit': 180,
    'njev': None,
    'x': array([0.38447463, 6.04204463, 3.11599216, 3.12614313, 1.75093729,
       3.73990698, 4.72659311, 4.33733183, 0.10648397])}
 

 Best x Found (Tracked by Callback): [0.38447463 6.04204463 3.11599216 3.12614313 1.75093729 3.73990698
 4.72659311 4.33733183 0.10648397]
Lowest Cost Found (Tracked by Callback): 0.00865716923621751
 
 
 
0.6334926881198651
0.6235309935523847
0.6293864524224129
0.6258039174940293
0.6203529340589665
0.6245883255873035
0.6263289436165269
0.626949779309522
0.6275633000013037
0.6269090461960865
0.6284884954543914
0.6350402482353801
0.6293426687694907
0.6315787479083028
0.6238629687869783
0.6338410123137375
0.626133890620762
0.630837978119663
0.6311091758424842
0.6245444490696275
0.6292920558345436
0.6210529715216174
0.6243764103243428
0.6282313968458318
0.629827117766366
0.619996370229914
0.6158442495506395
0.7105722112192552
0.6071524230910956
0.6273101909857919
0.6729793062157571
0.6062470468441368
0.5109092606221095
0.7001613884142308
0.5422133797360589
0.6350851523152234
0.5056454144404752
0.5076060522144814
0.4990311000627381
0.5637870329621091
0.5098264900803622
0.45002481641038283
0.7098653007238025
0.44453784370695515
0.45177981105266274
0.4611019703947007
0.4441446254007144
0.3619244939163977
0.5353892617036655
0.3821596733272048
0.48285194636632023
0.3156134748811782
0.33863053221181694
0.2818574955178801
0.44794387534523883
0.29113328626151236
0.3312484702472531
0.363490457101895
0.30495299417804533
0.22998080739504445
0.3561984341133112
0.2519439841879294
0.25973944414562966
0.3058256142586243
0.25375441864445725
0.30634678046878994
0.2055244376184524
0.22314997351998567
0.3495000651698156
0.4711186327186414
0.29593686426793764
0.28531773794611337
0.13584447116099307
0.17184151860481656
0.30093749531960423
0.19779744595157267
0.16682115348465165
0.15345418636720254
0.24575923806964994
0.15783558516421603
0.4055199828376175
0.267015415365333
0.21275435605970328
0.2683615197406104
0.13474492905864566
0.09505514727577735
0.29604869389831734
0.40591161210311344
0.2326600160946921
0.4130380773944653
0.2626608546121746
0.17971787357367608
0.16900503088152696
0.2642467632424178
0.11100685132074306
0.21165990903612886
0.1576346209075753
0.0678872820425015
0.22650040411624084
0.16886303255372936
0.04642507929849504
0.13807429337175814
0.1441382780574596
0.07464603318010476
0.530706797842956
0.1570894155099688
0.13075405939907037
0.19292172900609839
0.41578049782305215
0.14918005563833447
0.3470693759636172
0.19640235873298573
0.12828693642321487
0.14614252522821458
0.30046732149430666
0.13075253348668725
0.16313917324848048
0.1231358291470881
0.09358190428981306
0.07152658222998043
0.13508233244923895
0.06077873401990286
0.16562927992828813
0.09451736690080159
0.0692531616494928
0.0315125273008009
0.20367582188027933
0.06353197284858492
0.1568685310785901
0.1828220666368059
0.06912422940593799
0.4675463582445136
0.34368469079093034
0.2437766079585203
0.44049873973957254
0.2597415657107083
0.15979702219983272
0.11857701120371644
0.12459954140109952
0.07694133614948695
0.18034699433231016
0.1587896877092384
0.08078913330514315
0.18738282521045357
0.4144222076235985
0.1588805151546825
0.4388891113478324
0.33844131526368804
0.21742723539581266
0.05774986397683479
0.13655539063053834
0.05890559870704126
0.4994575332053003
0.2589539403970913
0.1973170323543273
0.3117559460531534
0.1661729274298619
0.11954624659314017
0.36164375555169637
0.17693050131019394
0.13549193253091152
0.1619181967895199
0.15091768177819043
0.08491557541723926
0.5076381258261943
0.16777413146552467
0.14421839370483924
0.34135390722424996
0.3439169989670606
0.09102992440174207
0.33615634823240703
0.3072588659354022
0.08484022246871548
0.5418215636727547
0.25486541508349314
0.17912753760840938
0.1886210053826466
0.504395163220463
0.1377356596052477
0.19967435416371093
0.23275363550651973
0.05222262857524296
0.2842828464845816
0.14233921184790388
0.12367852646006239
0.25518351807443296
0.3943456699873532
0.18032073683871053
0.31916964517959234
0.4039526024545014
0.11544827827531912
0.24626931519510564
0.35602738902996
0.13589754144519461
0.2828611463766417
0.6216655268452652
0.19063383629698893
0.19786233949860166
0.13131765462587508
0.10099345408318772
0.26180659429108677
0.5267761592709658
0.1640126824379623
0.16929727668221495
0.4124912863266964
0.1259957165325296
0.19897193454485662
0.20811197962006167
0.0706055320815111
0.440662440680065
0.1455199439032645
0.12933486426072138
0.168027016250339
0.2759432659159815
0.10534082237890152
0.19159893840687048
0.20405168777002214
0.08355647458071747
0.36880577746336574
0.16079445332168318
0.11981923225106594
0.19603529815977117
0.4281408023101778
0.17049681735130595
0.38488283186205774
0.2961645845621266
0.17546003370520158
0.30776619855136134
0.18716380560104195
0.14229318694362025
0.09692112003906161
0.1573549536362484
0.0621469250926352
0.3868572001101178
0.2653449001990259
0.19648951899873868
0.28225514140576546
0.5551544197375656
0.19850324934985708
0.19867350254494354
0.3873414754419152
0.16870658649797665
0.32443584939381265
0.3957808726134998
0.16226332700502644
0.28054533653694913
0.15197682284634928
0.10896345793948559
0.15837260228448025
0.3556789872318431
0.11152314854064005
0.21072422218021136
0.19300957082011994
0.09516117747454733
0.16461426570670323
0.09572474780923579
0.06852013705244409
0.33518194455117334
0.13704615333197168
0.1288775193638143
0.15536153275284992
0.3275517885136948
0.11853595514489357
0.4205406413681617
0.3381388178934911
0.18696415088590257
0.3522937660858927
0.3156788241497822
0.08279078949127594
0.282385524475084
0.38261669595868164
0.16131180699968017
0.2799094296958379
0.17672401231288504
0.13524572628427312
0.5520290525558427
0.26447138195499065
0.15441372234340944
0.4726628929282898
0.32196446956093994
0.22303074425924652
0.12449033220216765
0.10367393828260174
0.08112700681741647
0.3050024858273619
0.15832660526833453
0.10611036617058967
0.2407045685946193
0.31622955339180825
0.1261757398295933
0.3372981639740309
0.22980652488291353
0.1686184193767981
0.15176446889739215
0.32817839354431166
0.11427103004587058
0.4224168549634758
0.22903917559400622
0.15626819088553445
0.39519226369365046
0.1451406765970953
0.11146057561029554
0.18450987098737015
0.1558267828380685
0.10592757621298421
0.42768249243368417
0.1991531865448799
0.1236016387015243
0.3410682409366341
0.20627532993629172
0.14362604066478957
0.21577609439079515
0.09574187259923184
0.10998729072874003
0.19567781120629135
0.23886162205520878
0.11704595387780192
0.3723045007475021
0.25313563650578663
0.18963152168690756
0.1672575200981069
0.17715661336125021
0.09011741701992215
0.13669738298321277
0.1145714110470023
0.08211744374286323
0.08915451308516864
0.133099513461981
0.10356086319926538
0.13284533752576422
0.14479139166580224
0.041682431878063086
0.40207631987140213
0.2886656557936398
0.20605246107153796
0.24625372233321874
0.3163291800408
0.1097605669909899
0.3478132973933652
0.2313844903013933
0.16681618823170874
0.1949570283379528
0.16529515713944964
0.06326489850422601
0.3334313902645367
0.3740265627114875
0.07079147085449511
0.16055755192924492
0.19347236716950666
0.058051180364175226
0.34204781262233086
0.1635861182652416
0.11267289032106442
0.10245473561552776
0.18049479821410397
0.06524234355867742
0.1930325991108386
0.18711534866985602
0.10909087889387314
0.0773367409953748
0.1886435040643446
0.05901223173819514
0.08738578708365063
0.19160107803558513
0.048276039522759495
0.2734632010334245
0.19134367829736165
0.09264447818332144
0.08782049456415897
0.32816172439298363
0.0769290237339132
0.30218362212341754
0.40816248025848745
0.21071148665423756
0.285661213032926
0.19891416392991224
0.13809257702967825
0.4512028723508239
0.3729522727971817
0.2158561614698229
0.44601780150701265
0.33281762703336126
0.1942729675733328
0.21030747961149954
0.18931175873681916
0.052554948232806376
0.31402295930529567
0.15113651728118793
0.1221261674597629
0.34640873727313926
0.4705371933920962
0.25899063580199544
0.31359901061126916
0.23933023821426502
0.09726107733488298
0.4898285345067238
0.2380820258046381
0.13983765437671813
0.18132593104654648
0.19062959713419825
0.09127663036671418
0.24098796069689343
0.0915558066587181
0.061005095498060324
0.2086103660285763
0.12239374191984587
0.08322286277160795
0.31880464131216046
0.33473397471052546
0.11567334602416623
0.16085047792167617
0.29161871662930505
0.1269361132641973
0.324860318212167
0.42900562378457496
0.1852345433744378
0.3634909816092373
0.2568590533001275
0.17746128240109116
0.10623944859839018
0.18513040055858787
0.08494374299282381
0.2044262876059234
0.26395888878836793
0.11709779048001634
0.13918675689217574
0.34858830514677097
0.11769625030604025
0.26437595015259474
0.10426394148020668
0.1008689475898471
0.3495506224798396
0.19624326253915425
0.17567818511008138
0.14824123754222596
0.32008301642608283
0.12997974103849197
0.2976034814505719
0.33547492662998946
0.07152407852323628
0.2290265525731371
0.16533440790093867
0.03995368229457852
0.16757864119955534
0.5811436497828018
0.1276162815433568
0.14347042544905853
0.20223559135196023
0.00865716923621751
0.36663346963299015
0.5266766513031484
0.26213835383214146
0.2394379444383441
0.34001884629698664
0.1371007870803499
0.6060144662211489
0.3039590496589397
0.18977572460989356
0.53883536387874
0.2370999491549468
0.2108002988544363
0.1766111990145719
0.1291359966144735
0.030054015958092317
0.15160500791374354
0.374323389209569
0.09311574348871499
0.3442496853431639
0.11438127862223257
0.04884159356100559
0.23787491224366897
0.5048648685522401
0.17812820771680205
0.18107130849071051
0.47459728276153224
0.11430429409919796
0.4494279454313228
0.42077439950389306
0.12892779105182184
0.29106674349617523
0.08677339280379881
0.06727885619777163
0.1387033418995387
0.2076048765521311
0.09606956031972325
0.14903807447662565
0.28780466644060887
0.11361304927234694
0.0805805581021648
0.3727480307367784
0.024158230259463287
0.13055348184131044
0.13781043381302582
0.08946670696000925
0.13478397767926253
0.05785392549617352
0.07463107087088072
0.209854686462424
0.1833158475028389
0.03325517602860861
0.11296377425653958
0.21549310661096044
0.044038029431315184
0.23787849673934136
0.5807941723436758
0.1590173018489104
0.19530382730111595
0.34328981906491496
0.1647607210402804
0.15395306282272936
0.1392386745269968
0.06934297340834183
0.3351018715677484
0.47118817088441756
0.255868210914046
0.39506951900885734
0.4454802213367499
0.024004574473272866
0.1230791364846121
0.43788633939882504
0.10613543338634457
0.23299647712272642
0.23568616539437626
0.07113534412495803
0.1518162021707773
0.19738663209020502
0.09170567761062975
0.5558105658068232
0.3380991474094185
0.20650834471217672
0.48109795089147744
0.3724170745108173
0.24707487679283158
0.4917814150997477
0.11748514182834224
0.10510701834126113
0.46720986911533025
0.1492788276988164
0.10961346420858709
0.25531721260936624
0.5197905387712756
0.19216757410589647
0.17301761605655996
0.3651045865003194
0.08584371641004673
0.5339392117450463
0.2309205376699358
0.1503470209540968
0.35879414862662273
0.5340927343906586
0.24652349675847807
0.15098850572630573
0.5226427440362549
0.09626775971645085
0.5395332506389356
0.2461890306750103
0.1954924707589374
0.28777527324059426
0.4729849190222323
0.1716513772017514
0.41499731167598497
0.1608249245573422
0.09801935542921791
0.36594078735460844
0.12519394282740182
0.0677281763753681
0.04697809897352512