
 SPSA MINIMIZATION 
a, c = 0.35, 0.17
shots = 1024
{   'fun': 0.1358808028565709,
    'jac': None,
    'nfev': 541,
    'nit': 180,
    'njev': None,
    'x': array([1.704483  , 3.09864576, 4.20797726, 2.33951646, 4.77983193,
       3.69490777, 3.40275132, 1.56993164, 4.32859764])}
 

 Best x Found (Tracked by Callback): [1.704483   3.09864576 4.20797726 2.33951646 4.77983193 3.69490777
 3.40275132 1.56993164 4.32859764]
Lowest Cost Found (Tracked by Callback): 0.06863182873925067
 
 
 
0.929522496276289
0.9172555555947609
0.9235522557256615
0.9206129369287838
0.8789371813404352
0.9056144900691335
0.9173595661249313
0.9078738042408058
0.9184555863020715
0.8897285413387235
0.9255360014045327
0.9098070858217954
0.9221240459086317
0.9218987941904816
0.9178853835309427
0.9347015008165294
0.9079215690355078
0.9181028124479369
0.9390752973868954
0.9160390448002431
0.913700756741589
0.9332958910280729
0.9099301190686969
0.915847491334735
0.9160816815263418
0.9271968274068534
0.9410562231018756
0.8812812714924346
0.895608828953745
0.8885350737455759
0.9507196563687347
0.8921702760100005
0.9348087665513091
0.865350046355677
0.8555397737063024
0.9618334120534423
0.8459886108920773
0.8259988387466655
0.8989242095292382
0.7993237019252472
0.8282425242912924
0.7709000457456542
0.8591652195216255
0.806965031905159
0.816375863279323
0.7989599496448294
0.8318825958541808
0.792711056113776
0.8175368828143088
0.7978134813536204
0.7799518654794426
0.8520850437365656
0.8207868744395577
0.7950726508044652
0.8195155567407014
0.7695450976266387
0.8112046609014947
0.7805363564462553
0.8005371530729819
0.8989245003872022
0.7281474450373913
0.7345708251111525
0.7585978528178399
0.716492714123369
0.7637089977391861
0.6930998583357844
0.8564181525172057
0.7025841568156632
0.7866274893191841
0.5840887341680729
0.6271416715440612
0.6272325028352339
0.6622953524940298
0.6379848908351551
0.6034918948021253
0.6926802049188421
0.5969517261584569
0.6946191125712815
0.5243960272637391
0.5613040752188285
0.5660802091183119
0.5490328260810843
0.5700145985140394
0.558077778787909
0.5516859564627006
0.5459231125850896
0.5354465114925703
0.6006689407477018
0.5242910587933199
0.4943086592592768
0.5757570276973956
0.5243503595342033
0.6300927831951744
0.420248048834002
0.45520682803468215
0.4165271043524815
0.4737901378342597
0.43023157260879985
0.46359009355705527
0.42138550967652233
0.44594265423955104
0.4520596061611022
0.40310413621209673
0.440166452305937
0.31775898507714206
0.5089107642321171
0.3728298378787068
0.3788452866631572
0.41209982942560963
0.3425077615299952
0.38379361836237647
0.43809400826446276
0.3806980952589224
0.4382633898071264
0.37352594339622636
0.3417864335158929
0.36827423082478694
0.420806377462956
0.3171559765674179
0.3484873646688368
0.38137065853221597
0.34312843523765735
0.4720771760566167
0.33891788174885173
0.3009245765243197
0.4221272746162553
0.23316861229517272
0.19657542546316253
0.20359894738277529
0.20926727094001452
0.15849064398627377
0.36150400292708484
0.3722104163650364
0.22755850638101938
0.2908212114446659
0.18143977556976099
0.26982788097353405
0.4074045287739476
0.33606515382177904
0.19026768181603115
0.20780447002907243
0.22117965627294234
0.2708365019509944
0.21458812524297033
0.3532183065261464
0.11742609129998804
0.2415505931588563
0.37427794703185335
0.1396801286955769
0.1739104650823311
0.23872236642557154
0.3387264448889358
0.30497828348139
0.3121266401933701
0.179205089026943
0.214309917918585
0.2704518613651389
0.15070521646681545
0.3489334170710493
0.3574089242630647
0.248121060778543
0.31877879163713674
0.25783324558190646
0.2300400873486378
0.20500614250614269
0.2984489124257226
0.25258888808669766
0.3265736274428619
0.3307261054833357
0.19370168886573547
0.18525431520455293
0.3194556315338861
0.16538240019722528
0.3051512387675336
0.3040026903285884
0.2906812170151223
0.1690941149832378
0.23636269153106082
0.22324889859146047
0.2939728042559314
0.23995044874198845
0.18053978721157204
0.059293550851944765
0.2516862653723251
0.20686536462150085
0.27367308311855676
0.30467169256667104
0.20301418520655623
0.31050654390369814
0.29732262908785156
0.15873500279017871
0.310466589759122
0.29390298053089703
0.22465193756913715
0.2220533379913452
0.3328639787562001
0.2277530589543939
0.20579420801903348
0.2427644957079399
0.1705732698410546
0.20253851324080852
0.29117533151299
0.16050789397848275
0.16215812976713295
0.17889182193202946
0.10671021002024295
0.25873373917132103
0.1624439986215046
0.17701289919900132
0.2488880724009902
0.2525001161494146
0.1908177333433374
0.2524914754053462
0.15913236632895877
0.22888809737431914
0.3563576323571611
0.4770822218871775
0.29173509105296
0.24805541253362473
0.18541427752293593
0.1879724543243163
0.24645435327814935
0.2452189218470857
0.22755845890865645
0.21617836595935447
0.25172672499129767
0.17715441213189154
0.2269725365313049
0.18496861484451999
0.17414134620545296
0.2599015654160721
0.3349959987808613
0.23983328868730724
0.2805313135470128
0.2895943330941153
0.23268690561490357
0.2981846632708547
0.23048323660923875
0.10801839807307867
0.27590956403139366
0.3541550617174489
0.0748873899173258
0.26446142693831454
0.6833533408610328
0.263214347939716
0.3108956473214287
0.1754339949404201
0.20491897138370285
0.2087357222296471
0.31517095487066604
0.19512276285308638
0.310144830998782
0.2208846156431492
0.14221086072327416
0.3511610434088911
0.27252171637351863
0.26242716813287814
0.24483583109612383
0.2220547106918772
0.15999444949252528
0.19527491427255372
0.2627633440864473
0.23216839122296173
0.14455100704479784
0.423215921336207
0.2104137535770032
0.5192453612534416
0.22906502973498544
0.1893768028192011
0.35961658918803074
0.2074614013498427
0.16429003772535378
0.23712209557105024
0.25751300713440295
0.22087311519641872
0.18048061634553458
0.1364882538775426
0.1912930649846024
0.3426215405395472
0.11516957635326852
0.1390035467207119
0.2923827853657267
0.29677170244761053
0.2876615830361692
0.46355771821120695
0.192719471182078
0.24736631742227422
0.2995618678523121
0.26645866743238555
0.08272849725705334
0.2510638626825441
0.241700825449793
0.13423494465143493
0.2712565886937478
0.35396213226653095
0.17889633370718916
0.31302485879904884
0.2400035495277677
0.19128437980276636
0.13910860885818455
0.3384809726118849
0.24135499624520396
0.5805300796958781
0.2984063524767002
0.262735263497629
0.2626918134426298
0.3557376121269622
0.13939177812180792
0.20788332567861445
0.399868489362604
0.22143154660837094
0.2203415849113337
0.24353553718322962
0.24504725888702905
0.1760454201025511
0.321258036374786
0.1865420125567384
0.35928057120752077
0.32681908220285794
0.2521183019806391
0.29426484557677324
0.2254483297056875
0.1910982432745827
0.20328813668459145
0.2317950714314747
0.1150539850784561
0.25386270007497724
0.22861012397563996
0.09704855553777214
0.279094245317003
0.300673288316583
0.18522991242484088
0.2806102068167866
0.26392695225196783
0.18327805434972622
0.18752642866892977
0.274596869162265
0.1973188431217472
0.2258723989487379
0.1975130101140774
0.19195558955778236
0.47725410042769534
0.2553582174135798
0.2214337428802341
0.27984280743461054
0.3355563401977669
0.11528085561899049
0.29383806464981366
0.23376440003480792
0.21305710280786427
0.3785202473728366
0.24100612472744065
0.22534542463642115
0.3110212988396731
0.21548136191300638
0.22435717166143143
0.23384925710757132
0.23442789666647468
0.06863182873925067
0.3251191999669749
0.3407525504650273
0.2393889468076763
0.18743926557538615
0.17494592238339723
0.19184212926582866
0.2513198425058979
0.2669831287333101
0.21775386583024736
0.327254217997331
0.35016971350420234
0.17845335844473154
0.3092546764216144
0.3696499930862833
0.2703804701227689
0.18815671657892485
0.2174452249766604
0.1727593613975542
0.2322155306547402
0.37526505489255846
0.20281644164996515
0.2515832987116625
0.3170222493788626
0.20435297855556855
0.22329299558803717
0.29671897917375234
0.25509626631816085
0.23444943602271506
0.25350794600711046
0.20477841719326695
0.25888699952508887
0.21327195122697895
0.1865811616395856
0.32125980474873717
0.24110513796864907
0.1036164953818135
0.2722773658367226
0.345703513411057
0.24670751647312117
0.2578500222839766
0.3084328033357774
0.23702868122876275
0.2784915368204255
0.3262339481341556
0.206889567833062
0.3128906494461482
0.3750006748876986
0.19357331470495365
0.262334412506251
0.2945762064140047
0.19357362494864427
0.23461712692799397
0.24225636407417495
0.19158090549804174
0.3152301646706588
0.17582630144958222
0.1690946715683661
0.25647771568217814
0.2513265371751995
0.14683861055204162
0.18280437669529837
0.2275814329587037
0.17187762150354347
0.21879960052372815
0.10175336276687208
0.14813184814906533
0.3243638958360401
0.2607343197337395
0.16998889266775286
0.36321321242434434
0.21863525662712946
0.22990184933054947
0.1830637459982538
0.2764508703806263
0.1331227008641831
0.2566576474543578
0.24647814411429603
0.16995251140282563
0.34478465588363016
0.25803461805091554
0.24795577819446146
0.16354281684261562
0.2920065345425392
0.21859011894169378
0.29072655383869195
0.2108407487902897
0.15755715355136046
0.2464380306343723
0.23649313971606667
0.19827072582835426
0.29175345930665086
0.22666308166442284
0.15545518231240052
0.19291421967001976
0.22064837057792863
0.16891271948937026
0.16299462285595467
0.1496766096994966
0.2100401182432431
0.424209242980806
0.24176301646780418
0.18642366126876553
0.15399412781482313
0.2178302343162447
0.22047913882536097
0.15173720970384186
0.18696498815933427
0.187311963402212
0.25526009446039555
0.2959782758034125
0.2650460821881607
0.2764032406202451
0.33270685197905847
0.1974968228746724
0.2927260411400405
0.23928395047754325
0.20245381144734176
0.26895829570086716
0.38787857191651254
0.2118239660657476
0.18567381301333186
0.25553350438360845
0.23129699611042465
0.3370994234672453
0.2671694311278636
0.2116557927891316
0.23000675950691962
0.3146621020547027
0.12210591952762817
0.23123146977577036
0.20413708678155706
0.26799783431221236
0.3116025118294322
0.19350735135963082
0.20340947646727447
0.30166441399791155
0.37585167950748855
0.18929900612719486
0.17804829494832508
0.2670237469720719
0.22925114087785148
0.18474561515966303
0.21522848231853964
0.09475880131562942
0.2682226500106485
0.2411518698741315
0.25919064630309374
0.20181084957012052
0.30335516529723894
0.1512077241885842
0.32324454298459604
0.17573287420770367
0.24150234461430153
0.2843970162860854
0.19476061657819532
0.13707113646835978
0.05822650144810826
0.20998080446109768
0.16611922641600319
0.5505522569186134
0.35531927740536273
0.23999403527480745
0.2993700553353248
0.26492616541748404
0.09852000290864471
0.3537107057625931
0.311207173760524
0.19403072747166428
0.1161766472314566
0.26438999560839016
0.21999159535452317
0.28538434171869276
0.29222683206555844
0.17819469209069605
0.33513317487311456
0.2853634962757906
0.20589138646330707
0.34659761274048895
0.2744866116053579
0.18263637321620574
0.1903727914185045
0.2570305975083519
0.1968709520725388
0.3151907790724908
0.27246338547952853
0.15553724822274895
0.1851751914079116
0.25885371249466127
0.20945163328341454
0.21410221741481894
0.24016944906140014
0.1576685072009929
0.26057012188259665
0.3147543520271948
0.24117114695895714
0.3685512120575013
0.386653927234486
0.1685566753623935
0.18159204454008981
0.25983303939082003
0.15024301970473086
0.32245642029253363
0.24736613136731045
0.18965769360468354
0.3154846421690616
0.34822695073917276
0.1790173079551668
0.1358808028565709