
 SPSA MINIMIZATION 
a, c = 0.35, 0.17
shots = 1024
{   'fun': 0.12315472913085534,
    'jac': None,
    'nfev': 541,
    'nit': 180,
    'njev': None,
    'x': array([1.93748623, 2.85063186, 3.58841967, 3.51035734, 1.08943938,
       5.56821209, 1.28914246, 3.67901287, 3.08160495])}
 

 Best x Found (Tracked by Callback): [1.93748623 2.85063186 3.58841967 3.51035734 1.08943938 5.56821209
 1.28914246 3.67901287 3.08160495]
Lowest Cost Found (Tracked by Callback): 0.04636167588185913
 
 
 
0.9914837401933314
0.973323575499641
0.9786498289616244
0.9827849730943241
0.996906900226846
0.9709865694083225
0.9460989209873139
0.9930190232147705
0.9206057521244991
0.9729925289845416
0.9629476781834894
0.9767856342614722
0.9713015486941269
0.9715701092394929
0.9851802314699276
0.9873484698315679
0.9709103545153888
0.9702517173816474
0.9367472360732193
0.9815342246954666
0.9444929553015505
0.9977664396724599
0.9822841923435659
0.9645072745437484
0.9666053365354256
0.9860031674264608
0.9450602468652037
0.9705092205805047
0.9593634370355462
0.9701393433092498
0.9839901861846879
0.9797930214261413
0.9843188965205708
0.972838354222464
0.985325330203692
0.9761738568730486
0.9566498436516677
0.935725109872926
1.0078918710399825
0.9455103963093806
0.9716566401962129
0.887990307636672
0.9715799455843094
0.9470768657340318
0.9273526494662558
0.9353210675489266
0.9198456706366194
0.9764172578277887
0.9249770604372661
0.9301314530375896
0.9826122898113429
0.9106112713426537
0.9056317573975721
0.8862892901409063
0.9297867892001344
0.9027855424645255
0.9632398476497505
0.8293943947950629
0.8531509988423923
0.9347352774597891
0.8076088156500236
0.7939244890270027
0.718434045925799
0.9195141055022867
0.734052351983549
0.8298388939670932
0.72125204174393
0.7139105095713243
0.7694795757062232
0.7613673620441097
0.7203309927101201
0.7967848989011533
0.7577015037563242
0.738705836314848
0.6755729379078304
0.7542381773164963
0.705394912035063
0.8143218255581264
0.6535443561833081
0.6730557022700869
0.6343724951015319
0.6331216241589912
0.6575741449798203
0.6365658794753783
0.7133488828355405
0.6270382477792172
0.7383541185816365
0.5712392319005883
0.5712055261165784
0.6533321690651336
0.7287292247403392
0.5728954816373555
0.5999363096460852
0.6202786558468742
0.5991187488151908
0.643350112757732
0.6262071380164893
0.6123995961801809
0.6116382175570204
0.6233893298124624
0.6354115787121716
0.47244380056004986
0.7698212746552278
0.5268721696856686
0.39848295454545457
0.6529509795831763
0.4054595522874528
0.604138190078803
0.5201171240937128
0.4176810189399245
0.5729088693347288
0.37874870387585835
0.3647612856285237
0.5290645722676617
0.5887696467587725
0.380654884281015
0.4015453961653833
0.5570467006845843
0.4487982614756748
0.42732762006283675
0.4424710313813025
0.3423997299459891
0.5346870635474861
0.5430597212420607
0.44591283730772635
0.34705886853272405
0.6020170196083126
0.3090954378161127
0.4690580914734275
0.34663826560909416
0.21168546081318884
0.32777797013497245
0.3318406807074581
0.21830343989393086
0.47432408140511895
0.42249255482802184
0.23899340903792343
0.40713059397238227
0.5720302894467214
0.37566035510803086
0.46592870501581884
0.5306658851466448
0.2644439410266458
0.5140441657521528
0.21589065810381447
0.22930168933276662
0.31120559404481174
0.43752586920529823
0.4142852352851015
0.4706879270260014
0.6723831863700815
0.39747065592123987
0.622310069724632
0.5478586873381972
0.35517908127346676
0.6728636663732395
0.332111171326968
0.2926122393784426
0.7501953125
0.4992406492137649
0.48893342761723013
0.4651206117181842
0.5181791524912205
0.39439309734327854
0.22775929500203218
0.2871018560401911
0.3088000660211272
0.5851780924902472
0.45974580155470823
0.45075027775818277
0.2864305243115789
0.70255634035929
0.289197065698819
0.4081809814533358
0.5064779334038056
0.27400878906250037
0.30842615150028085
0.36237716224001426
0.16166833047723805
0.630163656884876
0.4224253734228105
0.300250037418748
0.516838497373687
0.4263315814245372
0.2794802709865859
0.3422946144824456
0.7245190237450789
0.3949163278153899
0.42727338897515554
0.34779222705696244
0.4498501348601014
0.3374028248152712
0.4845917223602906
0.4787587398240547
0.8117944046442689
0.47127743902439023
0.45611787969761064
0.5289519074675326
0.3068444070302234
0.23675068967076718
0.5467273289828989
0.37017515271156143
0.17681935272119687
0.4477560538284686
0.4230117376338056
0.2357750624806263
0.4805684750135796
0.3708315478076747
0.12427230812220569
0.30134198473717844
0.43755347949263745
0.17571696993670904
0.3779944725844565
0.32340817546033984
0.2496144987507808
0.6356519628519899
0.3247573048547757
0.21328834755151793
0.3046603809506945
0.3143652343750001
0.16246801625526797
0.3545198592110196
0.4931376960658268
0.374078316123028
0.25368502556371264
0.3656825910487058
0.18934428381405777
0.4390855665191873
0.4941888471250332
0.13730653622633682
0.37730004707038656
0.3042143029533756
0.16387883852483132
0.47248961658444577
0.5024072277132924
0.32911449860562403
0.48919973136889017
0.16607430633408116
0.2554698415123995
0.7199352097756029
0.377220822376226
0.3534946031066538
0.19591421176183244
0.5643506325249886
0.34397994028705325
0.4906464653272695
0.5105261357185339
0.3194822553135661
0.6332843091114458
0.5672995533986845
0.3320760177905119
0.5021857508258397
0.4052893461727184
0.29701297305045893
0.31586107889324677
0.5658179474646821
0.18327151005149023
0.46559197666279695
0.3397309254082054
0.35691327041088583
0.31443897533808274
0.4224080874051662
0.25505803359800905
0.23302330047245556
0.4319440493271324
0.20724073768373918
0.41741892069327746
0.452489847543445
0.21017768514387702
0.2840858685846033
0.3869641886176899
0.19238570870018556
0.5213817940876022
0.35391436954963573
0.2390300127316588
0.4819135329770595
0.19722941553274098
0.2951813898954021
0.3067088822578429
0.33246900766461496
0.26528982388771194
0.5613022830776607
0.3039660735725721
0.17843189972154816
0.3924416525572163
0.34768602815435967
0.18029241017934172
0.28708588892392073
0.2125031705060877
0.06580572896305725
0.4404770693258223
0.23738461182913106
0.24334924276714454
0.22496140030249567
0.3402591382883615
0.23803784379028825
0.19484388583019474
0.4122232267172029
0.25509418775418
0.3469573809697678
0.42386951250389526
0.14207247670143652
0.251911380410099
0.19575276666122243
0.252636495558903
0.31809294661594967
0.3482214116352592
0.22528176779275422
0.3683013840063466
0.23645827689890553
0.16876352202936162
0.2266780881235474
0.16229496078187255
0.15316111256420029
0.4551463350262498
0.25705628337783737
0.28908815999795634
0.22302688176533492
0.322237956320378
0.2869241027051974
0.33795966034609737
0.3781560252020103
0.20273596830387486
0.35725343264829934
0.5197346262688185
0.28434394377699035
0.2879597225836804
0.16018936227423786
0.1990675607287452
0.41942095005505886
0.1427007599300416
0.24676838408567248
0.13234708761867098
0.4064174572948963
0.12628194981338337
0.3430583515639547
0.11105888580607493
0.2459376188313337
0.47148323298064876
0.1738973625575806
0.1143088685242396
0.3209326725359415
0.5664845915074389
0.22650209897524365
0.26895669977428327
0.37320210082957816
0.29339847946320663
0.39553687464231213
0.3630337405514408
0.21890344166802223
0.2831916265915938
0.27297154625408293
0.2681626683591096
0.3723258074162681
0.1894507518226003
0.10713853507206395
0.2097362235818344
0.4286892782263655
0.23904206171118736
0.18268933803116671
0.5473045340378949
0.24210552522151396
0.2588238999633494
0.31334082851890765
0.221715258226289
0.22335277322300184
0.25449576524771034
0.17611755210293567
0.2107028956875142
0.4696993220845339
0.2743990440969619
0.33691623618118416
0.38116600098668485
0.2067873531094011
0.39241640641131537
0.16222457172170268
0.1461589117809733
0.1507168874922329
0.31190411843081367
0.18486983205699903
0.29303480013179894
0.4029486098436268
0.27838083418045434
0.12004563608230234
0.14181361239288082
0.20750509644757575
0.5142831185394761
0.3374020132496278
0.24166543913766814
0.28014893806035424
0.3011292589346787
0.2005510840176249
0.32088181854866127
0.18582171338563336
0.24573043983735887
0.4462036746231156
0.20592334101402798
0.22597809147579007
0.38424136912469264
0.4233020738209069
0.18882067342524744
0.16886007515228663
0.17419541302849284
0.1064613552953515
0.30925345336682053
0.42801767668295054
0.22240404016141446
0.30107377697456883
0.36863679000476457
0.24771491011412317
0.48398454834146876
0.28927200632690964
0.28561842094817735
0.23423160838531687
0.20369294577514463
0.21913384173067285
0.2474074553713741
0.34396948160535123
0.2602920871741894
0.3067039103646668
0.48566020687936207
0.12430583624063984
0.17719463988661066
0.25272236928410796
0.14537144383076306
0.27822224639164717
0.5731886158017159
0.20522386640292156
0.21375821486051516
0.337708436068338
0.1475788176290067
0.39707250008974737
0.21007393292682952
0.22133875945284698
0.4739178390153739
0.012048954586331262
0.11725582566168025
0.35269939365671643
0.4990209256971707
0.19662140052356047
0.5300528133616729
0.22222550037764366
0.28538566378562147
0.28417802337759157
0.19881932794017287
0.25122003737339305
0.3001130116857973
0.19965048417472464
0.3186503775167786
0.27453222251037357
0.2396329776969499
0.1796880382486682
0.39649239212763887
0.298496210503843
0.2950157204728512
0.46324223907251993
0.540306441649772
0.13714825764634975
0.27526368678941115
0.28639630189875975
0.1409480154823698
0.19559069371512983
0.31650744424425414
0.2813730195373251
0.43937413413863513
0.10794452234485286
0.21145921196099426
0.4174148074572127
0.15151362120589773
0.2578188567941415
0.3220155375658328
0.12510628096748966
0.24525650799848064
0.3556174294190547
0.2025706590708456
0.1660941677807488
0.34534391764000927
0.2477832836109204
0.07555289171754997
0.390881262863391
0.15665344560477434
0.19895325473064318
0.25468554904273033
0.260655635449041
0.20014340643649786
0.24845569937340062
0.19336426893507963
0.24447931405409196
0.334165270856811
0.15882358265746777
0.1703149803973446
0.16804804581062693
0.3024930376329926
0.12910408324210687
0.18251770744906626
0.334771398073443
0.26723693767452383
0.3211308954717157
0.3471217304432068
0.19197162828947378
0.43859260197618444
0.16922485078338745
0.2692700937981327
0.22712107994026587
0.23602073720637606
0.08434279122722932
0.3134854086604446
0.23511573291753718
0.1539778773353926
0.16601248996789741
0.36483386109872407
0.23904979283241645
0.310251015408187
0.32977016884793
0.1801583611135641
0.3247282031117157
0.22425726130245072
0.19147909304751376
0.25761492383537765
0.44613088510720766
0.2961273156811378
0.2222585846656978
0.24254403093103893
0.17337447491180835
0.24399792772629147
0.30810059791496325
0.18150491648706923
0.35822526516407016
0.22285727865011518
0.19904277769435408
0.3745448294353724
0.32393152573529405
0.18956310896976647
0.301928258707279
0.015016193631328778
0.11560576206382545
0.4933987230185015
0.2817198077012242
0.18903214972392046
0.45414505835532837
0.30911262455412547
0.1201939011100126
0.3390326544943819
0.3381122905309132
0.2807300204918034
0.34870331004221433
0.13087810151593682
0.10251267534384145
0.29442901968676805
0.09473140095995092
0.2197907071050944
0.33454533097730055
0.3622575751935678
0.18815424766662847
0.37646063864410173
0.20861771931927153
0.04636167588185913
0.40101673246704816
0.28639976837815684
0.23509657498248093
0.33311310189771803
-0.030522393170195228
0.30025792801117956
0.2969070954408819
0.14657026768642456
0.16442533114057434
0.12315472913085534