
 SPSA MINIMIZATION 
a, c = 0.35, 0.17
shots = 50000
{   'fun': 0.09149176999243269,
    'jac': None,
    'nfev': 541,
    'nit': 180,
    'njev': None,
    'x': array([2.03307644, 5.89312245, 1.53419203, 7.54815105, 5.29603884,
       4.91997046, 0.14720378, 5.53735441, 4.02595276])}
 

 Best x Found (Tracked by Callback): [2.03307644 5.89312245 1.53419203 7.54815105 5.29603884 4.91997046
 0.14720378 5.53735441 4.02595276]
Lowest Cost Found (Tracked by Callback): 0.05219486840940046
 
 
 
0.9536539388344891
0.9524710346621239
0.954082687354518
0.9605382157144572
0.9475013377774016
0.9565353294932162
0.9500216157016116
0.9538180802129985
0.9626490958412792
0.9549130334925111
0.9572088359714063
0.9516570557474684
0.9556092136264429
0.9575319700805672
0.9580842105636574
0.9546047484537501
0.9523606002127486
0.953510702053895
0.9546543971313608
0.9528884441490221
0.9548424163018263
0.9577063294765698
0.9451011790655706
0.9449697201647441
0.9545145263899673
0.9515346876881348
0.9329485661234692
0.9794117429159755
0.9456236897593175
0.9013079571615877
0.997263236221307
0.9140233819898802
0.7467585958302086
0.9822185152973204
0.8033846379468379
0.9689641915084718
0.672785301448239
0.7031998720301014
0.5813312119738177
0.8627685989468623
0.6060347479389223
0.5529831319204772
0.7767376214353104
0.5580418908423217
0.6723112525909902
0.5219196949937659
0.5224136291497976
0.46165791751598817
0.6903264853868032
0.4710258585999323
0.5188491733480678
0.4810598989686212
0.4728559325698559
0.47662819141156476
0.5911486210962351
0.45357076019471343
0.4288059712740032
0.6537908959690499
0.4302261185048091
0.5266493782506796
0.4470291572402295
0.42348723327055293
0.47037915104016004
0.42380363600010906
0.4133200104072081
0.46390774243107447
0.5034126960481045
0.4127339941007372
0.3683633385792717
0.46635152033540717
0.38611900502047414
0.4313861223335135
0.3666410271504339
0.37301673427921267
0.3251733193384203
0.47240290045204125
0.3350686888373521
0.37613102856654557
0.30104538974022177
0.32164990422146256
0.4467006266990753
0.35927097116143536
0.31778676741630263
0.3527736487337261
0.3162004001193933
0.31405224766035766
0.40749401904031113
0.3165021389298086
0.3039168738813204
0.25171640902805725
0.3440842654888656
0.26869852518291304
0.2734239536951929
0.39861835616564645
0.2466416736474556
0.300015770804427
0.4184994551073521
0.2774290573175633
0.26504811508904313
0.3242615762605684
0.2488760800028812
0.5454413143309237
0.3460597680557871
0.28770289367448065
0.341003508717038
0.29078839636538123
0.24289649354017617
0.2653705803006725
0.34209661634017974
0.24421535270074923
0.27189525947344073
0.264561014333191
0.24926069243167925
0.3207024602090601
0.30160009942803157
0.2348491063345628
0.33744160655926847
0.3195146691047801
0.2390270493220198
0.2503921156347527
0.2838909600493702
0.2384919327935069
0.2661030302390628
0.2481328785666036
0.23926973917551353
0.3421353201978372
0.32825067730313695
0.23184263207426503
0.2655601845881762
0.31791943750980345
0.22803293222295462
0.3316930272118165
0.37129159639940024
0.25541037077405293
0.33692773627391015
0.2958863709065753
0.2339732995189685
0.29172701290268
0.26814277310154533
0.23400764297341947
0.31752303932924675
0.28930942202409515
0.23112781061186138
0.32374545674228294
0.31330110899061325
0.2383448857837358
0.28104991086541575
0.30331257241921106
0.23739865710543429
0.30515761323141455
0.3000616904520438
0.2359281088619105
0.203935234868183
0.27310870197244375
0.21550905741925952
0.3627140876910673
0.3282640577568734
0.23708807456972014
0.26985342399925205
0.29037968082951093
0.22842957192977031
0.2943107500116847
0.2970945981207145
0.21834231668609594
0.32683986279659927
0.30661365540647145
0.23377133799784933
0.28281102346040365
0.31818162992592713
0.2234612156804494
0.32434989465470143
0.2548877893236833
0.2288786328758492
0.28151776166811104
0.20323233336209878
0.21643779877299663
0.28621882056121484
0.2884072922331289
0.21057088142267066
0.23182640527850495
0.30053298774132275
0.19542008060533744
0.28323423074375265
0.3232695294524649
0.22020250150096543
0.3693869365905713
0.29304594241059556
0.23552025746533556
0.27061804346134954
0.2623642374177706
0.2143029065699078
0.30541314027850075
0.3879656454162044
0.2358755425157969
0.2967621300316653
0.37142118716562433
0.2320069660488845
0.35901800268115125
0.2973937615829165
0.22594507510009199
0.24922161112467633
0.3015100729913661
0.21109135037627902
0.24915997195957085
0.2681217555527835
0.21401857208729147
0.2546033297552164
0.22936726352621073
0.20545029775251622
0.2743262656177127
0.22428131535558582
0.2029809229583598
0.24932730789495894
0.24154401253876912
0.19982613113898173
0.34396467762444727
0.29227576888982465
0.22087451061707664
0.2701457232265442
0.3419109238007274
0.22625799485738574
0.32778416872970806
0.2762053951311264
0.2165211794852182
0.2466242013024893
0.25632516368495795
0.2036022458113278
0.39372857626561275
0.30616144433530545
0.2415962820087637
0.26045052445515005
0.20463118979138895
0.202851284820164
0.21477993473139367
0.23911297541577237
0.1941749838186132
0.3247511988609476
0.2469057497904632
0.20794395307250724
0.35298876177921623
0.22804475984545902
0.22021970649293954
0.2597936762818114
0.2870253625704472
0.19150457177181124
0.23168083020719277
0.2583619631450257
0.20058766011736506
0.29245082816467305
0.29078661281192864
0.1983937047020342
0.27416327433351795
0.24099723491651803
0.20347522136946938
0.23471659983695825
0.22588145588876374
0.19816330996201448
0.2869443333009998
0.3629396547188233
0.2230509329908652
0.20492233114926883
0.26727642335657387
0.19475287794091445
0.24562394964064327
0.2860369635420844
0.19074598109703966
0.2735686337601628
0.316724150210831
0.19241664686232174
0.2320659828183783
0.24254696472124992
0.1989001469076087
0.29022994355407394
0.30134159677854144
0.19892075751011307
0.30351195886508087
0.2681262281440514
0.2095872350900566
0.23299637324915978
0.26920862112916255
0.19582047490032628
0.3114447954959223
0.29445213554496874
0.18461815438118323
0.24771987216583902
0.2672465756873782
0.19027535801454176
0.3248393767812908
0.31905503530659607
0.1865809991985895
0.18418383796521332
0.2644494237144206
0.1785683125344235
0.27923350368987954
0.35514716466440643
0.2087758189934139
0.39227857644726405
0.3648539484789165
0.1806076589081701
0.23386642760961696
0.26171660397892904
0.1852585898870457
0.3447030765520568
0.5503281526059736
0.2878142390316215
0.29274755595152546
0.17438075408590858
0.18530793152559677
0.1723547675064372
0.44732391014554107
0.15595500258697514
0.29243015753540047
0.2984284969942754
0.1615703809915241
0.25522432486675317
0.2534244426167801
0.15731793831162566
0.4068279516793394
0.3112141255759884
0.23452055833163132
0.208760191327095
0.17659249218560313
0.14503225411487186
0.1873102487291921
0.18359511759856184
0.13190089046470654
0.47892253046530464
0.2713362610919815
0.2405495155726508
0.29232276247572164
0.18517038335512903
0.1405144168804353
0.241983874974955
0.4133161974613697
0.21100181402248508
0.5059703614253399
0.22866871385800636
0.19726370614165256
0.2054150183854334
0.20247662970960256
0.14042469732220453
0.28730305933333167
0.5093125726367226
0.23811753234055588
0.341190384493262
0.2712223146884851
0.18789147649000382
0.41236930781698966
0.23493023325071904
0.18854900156436916
0.21857368827801782
0.35458639524421975
0.18477133106810462
0.33543336246038924
0.3529644641133649
0.15854412520558814
0.3239267216445858
0.39144177366583177
0.1695434797617149
0.385410191387069
0.5231986222684278
0.2981428615189874
0.2977873381411742
0.5721626335212523
0.20500976541923754
0.23207682310009115
0.1302408061687833
0.14222627041563562
0.18378064396395122
0.1383742090488025
0.13779067129680045
0.1893577157609183
0.21420205008435034
0.15424937187999022
0.3417759835279808
0.32306714863868635
0.11836389821361637
0.3454020616706348
0.6808510746983534
0.27141869483462056
0.2232204474119095
0.262214047851855
0.1618535492479829
0.19404020386016385
0.117233304019568
0.0965879037514894
0.24842725677231436
0.1665988699319063
0.11585964438798235
0.24283840700942105
0.29262164270209845
0.155713716575277
0.23613859816641802
0.18291606249337133
0.1254655167028791
0.2658583184742451
0.27924538974937163
0.12824327188619355
0.08682265435262815
0.17307402609055067
0.11999292957625596
0.18902774197410654
0.12755192626148404
0.11852271839886497
0.22205343658334753
0.1402120852006945
0.10954424407549612
0.3853256972694852
0.3900821154569216
0.10116847178552801
0.49992752514028715
0.29030977423346993
0.22736715664832285
0.3033210071567124
0.3412409963675799
0.11600847749810184
0.3429117885170546
0.6304121581322922
0.23050430647470377
0.30750996628191896
0.1399002600668282
0.12405918290732998
0.28276975679433225
0.2472978429332423
0.107557717658058
0.1479751109045523
0.17413761649569692
0.10932967258564497
0.4096446074962633
0.3025748035384952
0.19981896131155574
0.19531134074874834
0.42307318203910704
0.16239151481779757
0.48156858338496744
0.3557756873252329
0.26908922097575405
0.33309910405555054
0.27727489951814177
0.1504783504719187
0.3494489635525617
0.5982461429997199
0.26052969178903207
0.5083783938171087
0.296339357588177
0.2221296485840455
0.16237806810820665
0.2003872277099208
0.1397175736911318
0.5163911395751729
0.33959821088685305
0.2609675977506467
0.2755345250099347
0.48648667866276196
0.19645420717992146
0.17721700101626625
0.35210801294603467
0.14296609576666475
0.4483533593822502
0.3324956408225296
0.2249795165255022
0.29740550465349214
0.720901689327052
0.23772753235528854
0.2848678242916539
0.5314754077610773
0.22343028775248164
0.3948155707979272
0.5077024385584321
0.2927742874635616
0.28479155130649325
0.35217574502395677
0.13232861009362296
0.20811383542770157
0.1925641578068713
0.11154966950114087
0.18950899577038116
0.06321198874983336
0.0790031057197701
0.5396344848903768
0.19131544520131094
0.13860998903612498
0.47768714859969275
0.26414519141602744
0.18514921831623588
0.5368028672961608
0.4287216128196951
0.28045851226440777
0.42187286333647533
0.3632046936824568
0.12958619016953576
0.36353319255431604
0.6847161129424353
0.26056583636913055
0.2315452554462777
0.45915671982254247
0.16797653385226952
0.12267449653075246
0.14584397772981705
0.06191810128719488
0.12872075532708738
0.15988017476364447
0.07424594776108295
0.4894978738543274
0.3028959598328558
0.21379890322960537
0.13571311711523448
0.13206168787909833
0.05219486840940046
0.7125306749100577
0.42522130075784814
0.3154665955443433
0.26975763512991857
0.15635182859522012
0.11985600829533372
0.3375311216739393
0.605252100080555
0.23328663006036654
0.2963582362873183
0.25018681790324104
0.12744375518637618
0.370717970804447
0.28039821292923883
0.17699589842700814
0.8727979650727961
0.3654527638563514
0.2700224667358555
0.21387530701931234
0.25872096009975065
0.09042383068288173
0.38886996333190427
0.90298346834495
0.2966014742937201
0.15273083641627827
0.14469600290201445
0.09007280379381044
0.2320356771396781
0.3515301966478639
0.1459353861994651
0.21714976838147948
0.25597828514814347
0.06545668230970347
0.15471970287915648
0.262689906899653
0.11417902364626098
0.1933686991252952
0.13286284016439653
0.0628837095208179
0.17607297696526525
0.3724657215790773
0.12112343704737238
0.2308781650626215
0.17324245371525226
0.08617596463259636
0.3784645305496629
0.5203721342530749
0.23365655255355766
0.32482539241470654
0.4880196357235099
0.19463462993815184
0.38883358378463284
0.24113772455348725
0.17761473527423866
0.32432700866726516
0.6443066296348652
0.24614934371246833
0.09149176999243269