
 SPSA MINIMIZATION 
a, c = 0.35, 0.17
shots = 50000
{   'fun': 0.18222026337818453,
    'jac': None,
    'nfev': 541,
    'nit': 180,
    'njev': None,
    'x': array([ 0.70461433,  6.51339766, -1.41402223,  0.28290105,  1.4625861 ,
        0.25150465,  0.76828158,  1.85659466,  4.55109289])}
 

 Best x Found (Tracked by Callback): [ 0.73991027  6.45630763 -1.41900129  0.24760511  1.46756516  0.15413961
  0.73298564  1.91368469  4.49400286]
Lowest Cost Found (Tracked by Callback): 0.1623467554630592
 
 
 
0.9794771983316437
0.9783329591338377
0.9762073365189284
0.9824919446673247
0.981302800022841
0.9801797451103581
0.9806278995716423
0.9803354496089376
0.9783572201809941
0.980474946082751
0.9802615382544697
0.9774297485128473
0.9837238760985295
0.9819565189401793
0.9803912905230789
0.979914208649929
0.9769476146862369
0.9815349447570711
0.9832262732855723
0.977583619722735
0.9748822463350211
0.9817903398310605
0.9777117395436099
0.9826997157843753
0.9742402048464988
0.9797112536284246
0.9993368564158426
0.9227731263391918
0.9593581799764709
0.884073918785198
0.993693953501061
0.9103288535559606
0.7767616478161172
0.9943145436714488
0.81080945519786
0.6876592191473808
0.9320471662302294
0.7262962033787528
0.7138449232363244
0.839663311574361
0.706525924977099
0.6595094834612723
0.7655979192289869
0.675395964955277
0.7529005001132221
0.6359164878031617
0.6404140380498953
0.6793917671253812
0.6502393460750853
0.6423141757458508
0.6278896130250118
0.6463009700971935
0.6373155793352161
0.5939640841513265
0.7153084490993702
0.603550890255178
0.6599359217773184
0.5612190040155458
0.5774912944796549
0.6901673236105866
0.48500550379998375
0.50929994743631
0.5321877359751042
0.5888233020340468
0.5009463533118059
0.524873041447526
0.5235699951234735
0.5064829207017187
0.596941369063251
0.4113501941558422
0.4384341798188728
0.4184329789247211
0.5088441160515904
0.4232927436556049
0.41222020789425073
0.500461296856537
0.40516429837571655
0.5535841157969651
0.31619068012808993
0.3426275860110093
0.4508187385632142
0.545323121700364
0.3886076257401866
0.37090169096675485
0.3457820590322729
0.34370558950185126
0.445274069535615
0.3497680472067315
0.3350149386840714
0.39596069710310833
0.38868815356340625
0.3291088612883234
0.41598200302589683
0.37801811515298833
0.3262610417716115
0.37465368898305673
0.3988159416949719
0.3432753241827583
0.354947187527198
0.33587081932491314
0.34242181083543843
0.3394438381699767
0.39714970599250654
0.3253679047231536
0.38462237706388
0.31574533755929224
0.32376319327816083
0.34524360882513827
0.353418519667708
0.3355441665275877
0.40501286871794595
0.3290936896525507
0.3075412557845494
0.3350580751551189
0.364863563312281
0.29702886523183436
0.30790141860971876
0.3412365307026769
0.3158910947549799
0.31931723611728324
0.3927030457117545
0.2890393045735915
0.36320253171234296
0.2902196560600162
0.2825306983762178
0.34092634701704194
0.41163381049861114
0.302749160504839
0.30820494869970716
0.3215174455558385
0.27651744159967173
0.3605681010585948
0.31761385860999936
0.27640065280734827
0.2757965121688122
0.35609870525535925
0.2675784884979523
0.3926204250652927
0.5324388107244166
0.33964140146988064
0.3155054419496962
0.29617835287319705
0.27355772306564785
0.3255213413761965
0.2763517864628634
0.2646669134789542
0.2876602134749968
0.3410608289799535
0.2795079448917993
0.2963085824729432
0.3639570238893275
0.27450082557681466
0.31455170943356336
0.2541995695613265
0.25506787117021645
0.3709970560566993
0.3211200362448978
0.26076796688066894
0.43550472499561066
0.3442614859433364
0.2936551840127144
0.2983123109890189
0.279326760297102
0.26300398371311795
0.3038365686791401
0.3082926704928495
0.26639830342330273
0.28408796090683874
0.30363359460637274
0.26402772478334613
0.3336652113220634
0.27718560268644765
0.27025236628808
0.3317616239766972
0.36218845942859135
0.2688928694272994
0.511861472305019
0.36425480135461363
0.3114799278971364
0.2877689384308636
0.28876605572133773
0.26602941137419367
0.3192141067097817
0.32122474389010836
0.2687924599622782
0.37006687817750983
0.32829077260396267
0.2749832984786148
0.2680044751276376
0.2938409081648232
0.2627742585653722
0.2778176509203544
0.3197931689179756
0.26032187613940827
0.3692458782808363
0.33679448288353564
0.2700241688646299
0.27798478004756955
0.30321357241664615
0.26412490100348285
0.3271672749407123
0.28085414828058364
0.26707354899233093
0.321182810937369
0.29971502466104405
0.272945517117706
0.3862708006567739
0.3487087288668652
0.2779142836663969
0.28874260514424366
0.2881033096547484
0.26438406449315643
0.31030779330519387
0.2842383944700795
0.2618056108342396
0.3061180945103811
0.3292011191034987
0.26648138815421907
0.3257769612369046
0.3188836910658933
0.26704595511204166
0.27823346093911305
0.2837060525622186
0.2615169332693419
0.3587204616571329
0.3250447703801428
0.26649889412942007
0.29476919584617267
0.2933577488253496
0.2674439658120997
0.27550190130093843
0.33116427602904486
0.270727612731397
0.3231260764352153
0.40235373251650197
0.2784695393999067
0.27670510608998466
0.3432908696626462
0.2648453262308268
0.2854224420510937
0.2607884250401088
0.26096640259135306
0.3331223451820604
0.26975133938195917
0.26321927023070135
0.3379432820356544
0.3038551240757781
0.27010609416240705
0.2696599423865077
0.33007189275389826
0.256940624136096
0.32916070804903996
0.3155909208990786
0.2562061101213323
0.3360111828274277
0.33977494292773447
0.25537978704910136
0.29767185029491416
0.2798552504389493
0.2637728189549321
0.35599236446420746
0.3208178381492184
0.24825783524187983
0.30676348022213673
0.31453951552420234
0.25661725119901213
0.274873967986738
0.28398491348523636
0.2548586721774434
0.3217382358715376
0.34488119087032654
0.2618041271642214
0.3783488972848662
0.3132222306637925
0.2568964593409304
0.27099377377155076
0.27040448273763273
0.2551145815344883
0.2692996153668742
0.29666682830554925
0.2607384342169299
0.2764717699923471
0.24360966495488046
0.24511702348774445
0.28088926042304496
0.274628659018602
0.24853699792968587
0.36343607487475293
0.5062989034256844
0.3125862501230908
0.5137783425446378
0.37151342772197016
0.3206563370011366
0.34993799029425554
0.4767318060151172
0.304566022804994
0.2796138712867565
0.2786133491433781
0.26134415153641943
0.2853472246002591
0.2863451809216301
0.25300155285306236
0.24597054442609512
0.31449182374845974
0.2509847279157471
0.322217045786487
0.2847583720341226
0.24653268446565157
0.27811658495079516
0.2922234266428557
0.24873134240636618
0.34918375150191905
0.31575359682364423
0.2414840135281301
0.2762410445978569
0.2653573857766023
0.24088168407808097
0.2615258973638074
0.253711687119351
0.24154953884356856
0.30610861799212863
0.302004400722106
0.24707435075165518
0.2982770192345797
0.23049515793919928
0.24051319259502424
0.2993265753696668
0.3280687303210724
0.246592816711796
0.31605585319019125
0.27088495317144323
0.2385486616163568
0.2619905892050739
0.2654982201735506
0.23404414115618444
0.2757580334129198
0.3081413539126324
0.23920033046544764
0.2617727089601092
0.28503826719775094
0.24012539027910196
0.4630826891315961
0.3991448512233148
0.2674812771525866
0.331104668163982
0.3364953963197611
0.24163718081984287
0.32196440159206396
0.2809349477741636
0.23945795986020835
0.3334432343657697
0.376543545982008
0.24882805930019125
0.3892689993257529
0.30178978111769605
0.24922463240939952
0.31192749960510047
0.33544077625542734
0.24382037096089937
0.25363267876057394
0.30700926980231347
0.22791790708321535
0.258415441249517
0.34784410025085943
0.23669258210735278
0.413316332192035
0.2928139202989757
0.2556970290014301
0.3955264505542839
0.2712674052169114
0.2422124803064084
0.41786591629268366
0.29102392686696765
0.2607883195907902
0.2762181856083057
0.2878071122835104
0.22918055886415112
0.2769918075568941
0.4676066456674083
0.24029129847812214
0.2720671772095071
0.21908368468711636
0.22609250565736738
0.2691803376844569
0.2619004373914061
0.2312604125850507
0.22659221966772602
0.28184339432838035
0.23223128125723802
0.24806755420031246
0.2623574684436486
0.22663217238273292
0.18479628283028848
0.2707543415530461
0.20980902723829176
0.2704170016323122
0.2494518528048839
0.1939373836556758
0.2767460168668169
0.21264251385685018
0.21456786615480694
0.31862814060121847
0.2591736616232
0.21248913507993006
0.25793380000976607
0.21354547083095488
0.19536674216584438
0.3300121306022977
0.2642463460943434
0.1932944822959516
0.23588682467414213
0.23884206015343556
0.1943060741281466
0.23441408262878238
0.21846045443940387
0.19883303663479712
0.2787824791899729
0.2963957444940921
0.20572969278466735
0.29393576711389935
0.2812867180237023
0.1941770379346388
0.2093340643488899
0.3443448095357643
0.20251474513658252
0.2767028460324271
0.3289647084321321
0.2053291541698672
0.222061783889406
0.17806137439858682
0.1889178634481644
0.296574873324022
0.21594030863728897
0.1811010194330811
0.3750686829836073
0.3021911304173738
0.2127888419132955
0.28436572188515885
0.28149088529362887
0.19013125307280643
0.20142320629601052
0.20986144664497708
0.1828381069612196
0.25910600181962884
0.27949685949970027
0.19063568997281122
0.33760891350808175
0.5745026328149173
0.27007671380053455
0.2846889394614569
0.21335261921510174
0.18071707597331932
0.20117659744307437
0.2549082414880869
0.17774355314675339
0.38167206985989965
0.33653982783851266
0.20903980178403003
0.27826488614115297
0.2255493050588132
0.19061408955896464
0.2787090571666082
0.27141269024949655
0.17557401829663832
0.25166767758577546
0.2164301150888568
0.18054828702125914
0.22249492081297317
0.24227762372577966
0.1852783954254592
0.2867634719896437
0.26273957200630327
0.176493182904485
0.30169803829248976
0.3660722641062384
0.20988499100987268
0.2404710959323888
0.179776483059376
0.1623467554630592
0.2363994512163059
0.29106241490603746
0.17935022510387433
0.3495958548152197
0.3353206921328703
0.19859417877887087
0.26458742701865745
0.2402334383864998
0.1846928720915979
0.28734382922258095
0.2669540192036579
0.1727629270561356
0.18733542564977457
0.24447938794264934
0.16745081151155117
0.2920368264416946
0.27314114674520673
0.17233692774395837
0.2294643707846421
0.2559223203048411
0.18137113521315273
0.26668065619616
0.30314449083087414
0.16817679692876453
0.20115918961513812
0.18852868603142225
0.1747895022040753
0.2757857181818181
0.2834526635350577
0.17236671702707718
0.20178965159268047
0.24882042766167378
0.1725958480468086
0.22276308376259069
0.28941932856360975
0.1759571657062754
0.17005877409734071
0.26526223600117516
0.17162872204367574
0.2540332646225346
0.2292538656586981
0.17614161876714796
0.2160269978406706
0.27767663339890325
0.1936972745449833
0.35578911880293795
0.2761196920207588
0.2100749704977718
0.22927941213788428
0.21132951786955312
0.17795997993862667
0.33243222439447895
0.2773668639672019
0.19320094234817364
0.22958657943797744
0.20364656986776752
0.18976366858729166
0.16837067132874395
0.1989902369352773
0.17565543434605158
0.24679212315273436
0.21113171326952862
0.17075404174879405
0.31159227395002154
0.28808722283191923
0.18646254182410793
0.30159900121276584
0.29126148778948435
0.1810614878659942
0.2530335299855647
0.28318137641835195
0.16663611230198916
0.18054758069889965
0.20174493500554003
0.1798119762757059
0.19237586452696487
0.23724905469025137
0.1688437985806347
0.29736406718570596
0.3267594166999601
0.18471897281270655
0.2737855507910274
0.2542234078206085
0.1635961405841465
0.21057767564133478
0.2812563758165114
0.19357308114337013
0.18222026337818453