
 SPSA MINIMIZATION 
a, c = 0.35, 0.17
shots = 1024
{   'fun': 0.17239880789391338,
    'jac': None,
    'nfev': 541,
    'nit': 180,
    'njev': None,
    'x': array([1.48428986, 0.47203697, 4.80954846, 3.21617507, 4.48698217,
       6.72269631, 3.47538583, 0.1271727 , 5.83289763])}
 

 Best x Found (Tracked by Callback): [1.48428986 0.47203697 4.80954846 3.21617507 4.48698217 6.72269631
 3.47538583 0.1271727  5.83289763]
Lowest Cost Found (Tracked by Callback): 0.0613338944396179
 
 
 
0.8486202972935537
0.8225429469534675
0.7988227265416508
0.8064207847109992
0.8189328330142231
0.8262379403382545
0.823518662898353
0.791574993905412
0.8522814699271188
0.7740449358703225
0.8285735255741128
0.8140170421263302
0.8040670781575954
0.7878991316071976
0.8108791768781224
0.8272121243404791
0.839911948959576
0.8263533748927755
0.8229083014322287
0.8298947849610876
0.7602943978658536
0.8127169295379458
0.8201953510993083
0.810989293395749
0.8215666588301114
0.7874981406037498
0.9148529461393089
0.78318038414663
0.8022538034539474
0.6597457859019265
0.9246097442689459
0.6938717498019467
0.7254562982821712
0.7537786068827437
0.712134224789226
0.732321694111134
0.6729138629595695
0.7300694860161967
0.7303229710072232
0.7174682235160651
0.7184615029542097
0.6553855246471108
0.8863450052183234
0.6853746509019321
0.7595826592832254
0.5378182136097013
0.5510135171421207
0.5446423850734641
0.5923022917885195
0.4902236222360109
0.5355751246882794
0.6535082755174035
0.5226541458909593
0.3830948770966248
0.6113711021299417
0.4474117559803553
0.5073025511711615
0.3864045134090731
0.37781596900435166
0.4898164207907799
0.3468707134955753
0.3923262565943729
0.3792331106598652
0.4471893099052867
0.42021354205888994
0.5118826643035065
0.3175174861811966
0.3540906511871509
0.40336906402832895
0.5347373138304067
0.3087018287716804
0.2229077139614204
0.4177393415741675
0.2870521471748805
0.39442448353986914
0.4532989225047479
0.28041320028184347
0.28667121993648925
0.3169017779412986
0.31974316436325834
0.44508049360089463
0.28546134837131143
0.3592691250048433
0.4044479507047406
0.384802312092414
0.2883445933458839
0.3185043397996421
0.3385194047835577
0.30269070263975173
0.36596098303497093
0.2970343292934148
0.24658520700225717
0.3197337909525745
0.3247056326086093
0.3091816580623502
0.3125519081160639
0.34713993418022737
0.2950456479305641
0.3259378429506288
0.36668484537655033
0.24166001955537264
0.3200748281304049
0.3185716674097191
0.2680406685949379
0.2784448489621788
0.36969283855390545
0.2935815511937895
0.3021684065746312
0.3488234636308868
0.261051402447283
0.304653004591815
0.3803738337455037
0.2705943393090895
0.32460241508908694
0.31299527334427224
0.3046316567157151
0.2831129945527523
0.2277031769966722
0.2521896120442938
0.23168658434392908
0.306823309459211
0.23888828508592475
0.23777983612862796
0.2885369443091075
0.27121045265436006
0.33230190212551214
0.3797366116041687
0.2769725991827977
0.35146363263982683
0.3106383959018697
0.27928706744414533
0.2485065947898425
0.2915159036280712
0.24703379053210917
0.4189243290629264
0.3742363381388406
0.2681106649620285
0.29424290973679357
0.3155020615736117
0.28023185744791
0.3113057020038501
0.3779483635568346
0.20591737538770494
0.2327217022541913
0.275750922061368
0.285665586815136
0.3221004645409423
0.33738385050778874
0.2134649665124333
0.31161181528945425
0.35463272677516355
0.21415614763991964
0.31641864277605714
0.24621009633202007
0.30097365877008564
0.2780430720553696
0.2966918277775247
0.2714110233323991
0.33195484206159953
0.3584458991040955
0.30085360659167837
0.2848604183631922
0.3458783923846612
0.30609709648443006
0.30351243811036643
0.34275220403379236
0.24369729907035897
0.35811433229322454
0.31327368288624047
0.2974497470070918
0.36243638174116466
0.390640099789916
0.279692089236351
0.342390741288904
0.3187015337882181
0.21492406324493452
0.20347411113269886
0.3589833582822852
0.33309298362589257
0.2333676157599669
0.3219492703095539
0.20680398545506928
0.3043037173402485
0.3349300538440567
0.24224192193373106
0.22805173949737434
0.21656158235869905
0.18632298477332732
0.42883668430816246
0.33454261296485976
0.22411081452174886
0.31342388895923023
0.2276319676687093
0.30407128104850545
0.30882207216410584
0.24980311902485675
0.3002304237675931
0.30008547250572315
0.29603075578451243
0.29459370784129935
0.3085073918095559
0.30952761909720217
0.2829758487213373
0.295988775983999
0.24424400190437034
0.22538860684557982
0.29356617838000665
0.34952193768729745
0.2575888307371532
0.3707468842230207
0.2381255065645398
0.24489860828391896
0.1716008401373419
0.37079808447913454
0.2571386484648719
0.26834529203810364
0.40975558228986286
0.2346714164185455
0.23271677973195382
0.3265693165293264
0.2285558471110507
0.28254105176085353
0.313192092547913
0.20604050073354396
0.21379461527399013
0.30248655386306544
0.22432012551043112
0.2556690636277712
0.2391568062954782
0.22547959869028644
0.3624137029985086
0.31882493562394965
0.30949008125665123
0.283557772048566
0.2512647121609911
0.1356816662236352
0.3135599769015489
0.3370610553121516
0.30194043784465985
0.2547620102869669
0.2703600122144387
0.2063335470318639
0.30652827041073094
0.30959586233910996
0.19418410238504524
0.28079910382014106
0.31368477598808886
0.18438842629994134
0.1436078917559953
0.30167374643536116
0.2673236385103489
0.3098445379355136
0.26550454395845524
0.2374202255066774
0.2856248333925716
0.22661804833679833
0.2617126525016431
0.23759280951056094
0.2756531523454311
0.23231141663433452
0.2672965437279152
0.3391679562699681
0.26181856689555816
0.29747987068316706
0.27223426650224414
0.20527805926818576
0.31049764564675464
0.25127114020442076
0.26490255956491726
0.25277895535925554
0.2870032972500607
0.22412193224098476
0.32117739643045706
0.2716203780474068
0.21751668340987373
0.25860636915795054
0.2557486815176323
0.20932932787906078
0.28739254075287013
0.2505413112540593
0.22641508668584365
0.2789368226069443
0.4054377882547032
0.2572509216583114
0.35157487376999463
0.3028505478526994
0.22011182087843473
0.33176847300528123
0.27219072013285917
0.24643016603929702
0.27185259818883833
0.3119484189308719
0.20896486359210975
0.2534670682794342
0.25988083530346495
0.18442189516996554
0.2901178588333818
0.2793478631692615
0.20266350354255414
0.22242149780831788
0.2001564680739708
0.13771541640673746
0.27641405618385273
0.2685664989382329
0.18497746865203768
0.2976640240764039
0.25348854077500493
0.27980628583209
0.25160223954408434
0.2767768695602384
0.3035710069309906
0.28199632609200753
0.20780126531246312
0.24595385174418605
0.2994028827243558
0.334068040225752
0.27034794166517995
0.2662357216968618
0.18294916981836595
0.21854481119224067
0.2581905214427612
0.2649625
0.22605763368751108
0.30808162861663657
0.19100867831829904
0.2264127837426928
0.25042669706937803
0.2801346878349963
0.2684314568435512
0.2698632188011777
0.28665934489082023
0.175198572595602
0.25623326818470105
0.3317375459083862
0.2127421549681049
0.26982514116341616
0.3332621126414167
0.23708906236015403
0.20914676466400928
0.2777241526500752
0.21894440214512711
0.31707657392959365
0.3321389307228916
0.25211578506231824
0.2957417818150405
0.25914112425628033
0.3010294954373204
0.28614332058123126
0.1552743619249337
0.2276232489224138
0.1910708346564034
0.2368022393144803
0.21246345565428792
0.20560916593404244
0.28139659971389586
0.22059705162376209
0.16554745588929554
0.26848957363294357
0.25324328629412873
0.28156961283844095
0.19461980816873425
0.2729672122744671
0.31917399231758514
0.4004432905431351
0.14443200308018966
0.15265680855050778
0.30463227797915726
0.1662276537606523
0.47009255729883936
0.2701368611441751
0.11203471873287041
0.26960664858709094
0.3460539995107633
0.2512754805906391
0.2799355990437561
0.31437916984614755
0.18281006898951857
0.29664462778356104
0.526678129373688
0.2765855904903708
0.2767375291715287
0.17107702239143552
0.16648340789827787
0.4211411000427745
0.29456308112202256
0.22773810516993542
0.30201021059349087
0.1836204042467232
0.19531032800470516
0.2021608268985653
0.30556573822947863
0.2092940713585647
0.16064418593086993
0.45917654252012796
0.20760308514992265
0.32004470666580065
0.3669104350889614
0.2269103580377796
0.19711877560738955
0.31123555850254525
0.23076295939201474
0.21785256233451045
0.30379609571047683
0.2799097752415084
0.3489022090517242
0.22765713333547488
0.12986405036449122
0.26188167984645605
0.25718637661239163
0.27589907144742054
0.21905286734114993
0.23959430492688039
0.2678252499187257
0.3545133413175434
0.32449550011501316
0.28138967410608573
0.21213538274785482
0.40010453550130465
0.20253722384603723
0.2865202344055058
0.2594123641304349
0.26333551309041414
0.22445406048510896
0.22991541776511226
0.2402551206282385
0.2939633285536898
0.29902074817125657
0.14230528595055725
0.3336292022633973
0.38234489279872863
0.19618751936716727
0.31950665217852214
0.3305737475985635
0.1659936890179703
0.49818539642609294
0.42781652602745224
0.1586025875090863
0.2921025234908887
0.2055652461308739
0.1676630906879778
0.441561242000413
0.28133807090436813
0.22225411619576474
0.04424808739626551
0.36741984303936903
0.28849545955154443
0.29551862647218086
0.2574290935524397
0.16559579439252337
0.3942125891359062
0.3947427077353616
0.16467805618460096
0.30153195059958304
0.3157866127670532
0.13403366874602685
0.26293462940933077
0.30088017564993297
0.2352154732783721
0.15499150854161903
0.3817853113428309
0.2681100317912032
0.19695600112697242
0.3556489431670752
0.19338371768733653
0.2384759237494426
0.29652466367712993
0.20874403249824802
0.3900034594988646
0.23196518224815
0.19148047609104213
0.34911688158089493
0.5351351015127389
0.22370858781026393
0.41525076136654315
0.2433969020336928
0.2458995733522572
0.3330123613324346
0.2251320011309993
0.1715628959037162
0.3316727873339349
0.21767579362564948
0.18179015191034698
0.4226816474503404
0.24358602825722508
0.23727396372202292
0.3150023903213057
0.16272000211625282
0.24856716331345763
0.2852800542658027
0.32730739128633657
0.07953149772613488
0.3367728536251017
0.27379343262537736
0.0613338944396179
0.2628300281309055
0.2784803859840115
0.23316827024512832
0.2555873357498869
0.47690804699745315
0.23947177385092033
0.3098878326732307
0.08873223948085374
0.21166856036285608
0.43469304744215076
0.362356474169237
0.2212878184713375
0.3388357400722022
0.10755945341155382
0.25632228366772536
0.12858963534541723
0.30476089351433366
0.21203669197204267
0.1737409448928734
0.24199145885148343
0.21340294773970647
0.2229870256696429
0.5090928158320641
0.23740258706763895
0.3758137391199229
0.46637136932659107
0.130756493674824
0.12560983188158192
0.46132162383296116
0.24212035582450397
0.33794267605361017
0.15651293183506687
0.18637991064801085
0.46893542664158705
0.21210638902407197
0.18869066575799986
0.34842778937657815
0.29428525898219104
0.23186980897009968
0.3520353004942186
0.2603522757531953
0.20614659926470613
0.24437539205631675
0.2698233138809695
0.159381472040784
0.41162870135192164
0.2210397729563044
0.3139839049200176
0.2846776487442815
0.5594105639341229
0.25897653147065325
0.41930106182870897
0.3207034906966766
0.20786846886636767
0.35170826770631414
0.22583088743093915
0.2636904058621059
0.22484794187269874
0.4699371856005031
0.23899533507499726
0.26121732154038835
0.3037485449498568
0.28556106184876173
0.2550189842270508
0.45308561918877976
0.2561954563513811
0.3561042143502847
0.32367353180260117
0.2167007406264465
0.2344090148065674
0.4489829989423243
0.2954070590906469
0.17239880789391338