
 SPSA MINIMIZATION 
a, c = 0.35, 0.17
shots = 1024
{   'fun': 0.31768201730810586,
    'jac': None,
    'nfev': 541,
    'nit': 180,
    'njev': None,
    'x': array([2.61219344, 2.38031204, 0.09748446, 2.59383277, 3.3498158 ,
       4.20873053, 1.60590729, 5.98544106, 2.39881689])}
 

 Best x Found (Tracked by Callback): [2.72886011 2.49697871 0.21415113 2.71049943 3.23314913 4.3253972
 1.72257396 6.10210772 2.28215022]
Lowest Cost Found (Tracked by Callback): 0.13548597908745308
 
 
 
0.9931674157510055
0.9992287335422818
0.9918114108458095
0.9898119407073255
0.9934337870081807
0.9913314984052993
0.9922155055605852
1.0024579913968363
0.9919060131997066
1.0043367873075042
0.9995916463298682
0.9922592482320007
0.9963495598825299
0.9933549641057552
0.9910001179676083
0.9947173214945786
0.9943318222623992
0.9961752948724276
1.0061425471381498
0.9881101507531463
0.9974288402054227
1.0063343870637984
0.9970210980415007
1.0057658780268033
1.004741867367279
0.9991510060359033
0.9972963415547189
0.9967278247511324
0.9861558016729397
1.0107511776518976
0.9880691969278429
0.9914249779447554
0.9777380264550948
1.0036980921015073
0.9860800646315803
1.0005856869685021
1.0006573959802538
1.006442948364173
0.9826735941252335
1.0010991635529891
0.9893782950930725
1.0118915388610876
0.977302658545383
1.0004198522862233
0.9996996970889762
0.9864292273609621
0.9942207492918539
1.004602538814872
0.9940432455926648
0.9790680717171473
0.993989621350365
0.9952527595888745
0.9762274102984626
0.9871867629716982
1.0013929521276597
0.9969340850778696
1.0010401086481582
0.994748712942698
1.0078965010955971
0.9989447363516044
0.9566065736805692
0.9828029431000148
1.001907341709936
0.9722720762200779
0.9774518548496093
1.0064077850351045
0.9630745812365972
0.9709857465091627
0.9886094602373799
0.9368198226658337
0.9683210878052998
0.9573501581065542
0.9644647633112967
0.9749677666083916
0.9777233755655345
0.9736053457761769
0.976034932941192
0.9535417425949241
0.9841898996232259
0.9610773432507456
0.9173537657734911
0.9849529043563202
0.9433265774142705
1.0112553398027802
0.8930705172323669
0.8871483187556293
0.9325017760628517
0.8228249928643094
0.8580352967413858
0.8290505823824263
0.901100072831032
0.8420528655961959
0.7858795234393109
0.8506858789842824
0.8257736071315168
0.7688640881006075
0.8155544707738822
0.8351381029365106
0.8540157031969051
0.8932125422455877
0.8310036190739751
0.899810007822845
0.7449460122971058
0.7670496774038871
0.6981630707227351
0.8677024854630858
0.75570760802204
0.8871888326226013
0.5593005248434033
0.6175320364811822
0.5894474899435916
0.7645557333924948
0.4916015318531304
0.5099297070190505
0.5708144785904781
0.3973483333983461
0.44489411528040446
0.6615239282349247
0.45731842166755676
0.4974864417881787
0.40019036832999455
0.5015371867971605
0.6008402264214368
0.7668879596563353
0.5880434798246018
0.6022332364691569
0.5716349701617043
0.5564032301360058
0.40351259946448026
0.6614511493621732
0.45072069646553825
0.49320773766908355
0.5966395380647178
0.5061893050761918
0.5036949412285137
0.5041554237003287
0.4689199740424126
0.4446916272688095
0.742593852102656
0.4299469646372329
0.45694554500075923
0.48485047219307453
0.5272105890086528
0.6526263714733542
0.4405662933526011
0.48116830125560006
0.623068821902232
0.3656651831229786
0.5256501624410754
0.40732595596410426
0.6821597537082633
0.4172520959013484
0.44482952615489135
0.5279290819841544
0.476008850073265
0.5524295311698306
0.3838181625219106
0.3500566364605545
0.589070020978872
0.45923364724323246
0.41485795324776187
0.5894710009234557
0.5446614661781539
0.41590810997118455
0.6380068699731904
0.4384606297707144
0.42563776872152614
0.6609331036577568
0.5243088410587888
0.4184699632574237
0.4852140667657957
0.47562971302890666
0.39840408973133434
0.49413349567528964
0.46576117737206835
0.43041813257074524
0.6038977495970181
0.3510539829959709
0.3658807177011909
0.6315713282199271
0.6160818540766739
0.3894330839333934
0.602359017573095
0.4524142786752202
0.4167486095107251
0.7297060187158937
0.4748780061591439
0.4032271324496609
0.33451620054194575
0.4405833937516478
0.39202192353039245
0.5166253357191999
0.5485922266079746
0.4674206925807459
0.40315939679598956
0.6598131736967974
0.39653739293157786
0.5034771483179453
0.2793020972593586
0.48281185112126257
0.36920465286257764
0.35149534933693527
0.3528985483618532
0.695717755485983
0.33543362974073276
0.38531437200479224
0.5292840500685325
0.628790293641583
0.39236363872712143
0.8129679757335795
0.5322131510141559
0.5341145167476349
0.5201204510386874
0.632334807598239
0.4893861307476086
0.5902878350944549
0.3771465988127022
0.40479449476464047
0.6231586914062499
0.4632637501783421
0.5606214629534505
0.615782867218801
0.5179770124696299
0.4468529065200315
0.5815480380080944
0.3416278497158357
0.34838995888723356
0.3668930951286765
0.5674922621633363
0.3728031803252776
0.2567031825556919
0.6315497784179942
0.3129998068096663
0.8373080891690856
0.41348135777961803
0.23050241580753206
0.22578528043084223
0.5438153846950613
0.1917590645563576
0.21279854948951626
0.563125517980686
0.31458025894395025
0.4223442188902289
0.5326482112494517
0.33082787488674115
0.645859249093473
0.4098317715671832
0.3268987834409596
0.474441206342469
0.4571553992264332
0.29969468955631884
0.37307746674993236
0.28051590114303104
0.27782861113373536
0.6210780946380863
0.2700301945784662
0.2714764432502451
0.4994819892596577
0.5310560621552216
0.3746044971312862
0.334899594683017
0.2668109310239264
0.21251436387025913
0.2847956813440021
0.3209018295818101
0.1456506381341539
0.44236524018150525
0.41062971614254107
0.2987344718183984
0.2106146199813742
0.4859299696709506
0.22934808769473136
0.32804982651206105
0.24830418662040665
0.30138657968255556
0.21587296484818386
0.5963279594809322
0.20425536707166403
0.5077650723649483
0.30765338695240096
0.2726298507712198
0.26549059851694934
0.3402689391223288
0.28639596339387086
0.39076855288513745
0.3411188844774591
0.3433072306791568
0.32564908993576025
0.3931940948614018
-0.013533504919824857
0.31045244248082693
0.5116342662208855
0.3227419833198206
0.3089815597882043
0.6013746590449892
0.3052929517810601
0.5497519719004191
0.42573132095506516
0.3467797473222425
0.32527440097591775
0.3866323764236612
0.3105154070474698
0.35542713432191175
0.44516367876259444
0.2944533374886672
0.5938189080056181
0.23750258728509044
0.18739274455586197
0.34784083451130865
0.39373418837093577
0.25964251579122355
0.3622280660159143
0.5411132339817281
0.16603388247282636
0.3418739179742286
0.4284629260954167
0.26958034044032997
0.5545908562087654
0.15145286768570443
0.19998521033067918
0.43421538494288425
0.5119766964611456
0.29102741976068014
0.470692218627377
0.4483650340406413
0.17408662683823561
0.5229592421187683
0.5830141624451839
0.2575242402264535
0.5013908469902791
0.3147528447184148
0.2876039011816496
0.8780565458930831
0.34015084729837286
0.3095885352265063
0.18251406779789303
0.36040225779747914
0.3434312873477362
0.26100564148073024
0.5097998378311803
0.32228962065093947
0.5676386804039302
0.3837410714285714
0.2644035336705455
0.4598682770970276
0.21340640590354787
0.3359817188699159
0.279383145145245
0.568234129987889
0.29098124177964413
0.34118832420652656
0.26883755229201034
0.14025988766392394
0.2953173229472459
0.18805734399465035
0.3128912886336904
0.3346102799227799
0.2693520075158231
0.20709643585319948
0.338923584726444
0.3799393822291707
0.24468052063844725
0.2944666267739118
0.2808059876223643
0.2885339329103672
0.5917098523812232
0.265101873291831
0.27895273485921757
0.23798555510361352
0.48353594645985987
0.2877226521795764
0.04056331693952975
0.24153664764466443
0.2885391685977582
0.4204820910422892
0.23832158060663633
0.3612537876642503
0.3525993559510975
0.7921682637468535
0.1901768124916876
0.22959748479246223
0.18886215053912836
0.25753885164867407
0.36537731978973065
0.24776376001953404
0.22206198222213436
0.2715341171909015
0.2563285318089199
0.14563916002872845
0.3456410132399086
0.3532138657100983
0.21949875177263056
0.5009363558648798
0.36635109149919987
0.2660924405573961
0.28984105445235675
0.4836735521987535
0.15083869707905462
0.37284629015231496
0.4294714733793006
0.314853898163183
0.49209113411934213
0.26448000160894025
0.3237636154653174
0.39366774049062847
0.419703101241764
0.23207869253688984
0.2191965212427347
0.2854764183752757
0.25393108769610184
0.3473477265247915
0.3405487718491841
0.2998863045738044
0.38811330302229485
0.5919396248436384
0.2887047376065559
0.5168956444941419
0.4944191521324932
0.24203565574959407
0.36510763054818574
0.59222585129062
0.2765821722829105
0.4343604681426986
0.5398681522701658
0.2839437468106326
0.2905625870100662
0.46702732703782945
0.2551216298364686
0.38314080850868604
0.4448579122768216
0.1484198346523461
0.2741925440053141
-0.02810074087715342
0.311470922436612
0.3603535330012383
0.8584786113882555
0.3548649491075596
0.4016920424763488
0.7123244890908682
0.40261979355511257
0.4643180540712212
0.4513134255226481
0.17133427203037066
0.3726982586653792
0.669554511403442
0.32181252881702016
0.34214048755497817
0.3617093629562457
0.3998237581454285
0.31740778591120833
0.9459834044392009
0.3092963876213032
0.13878290809420712
0.46418674956359707
0.26167755505583135
0.6197828727026129
0.2907217067754504
0.22064251428850845
0.21753390725590172
0.20088098404255317
0.2848099695067132
0.06545722215695493
0.4095219741914957
0.27156001132104945
0.2346206577243961
0.37769858145021096
0.2125761581528105
0.4262498017519031
0.7891492491883116
0.4174118860825945
0.4710216447925487
0.38996106364370287
0.2249060388513513
0.2869056571758949
0.5683471420024817
0.2626514403078203
0.4646349017325784
0.2887190260058883
0.28806846505173533
0.9120566454185982
0.3582104296527161
0.30529102467235336
0.6872299162121744
0.4718086174143514
0.3309051483906925
0.1851172697492106
0.5260414508040452
0.1770982248345937
0.5554967110823996
0.3881966512984355
0.3538464539594375
0.3184759184441246
0.5231320083381255
0.3011745007425355
0.3130987745368329
0.27187011328852806
0.1938687732157074
0.39454710442282437
0.7538680329083902
0.2594810495412486
0.8016853428661439
0.3339632829373651
0.3617083049518437
0.46841695123888194
0.5509586924130156
0.1474819597742676
0.13941000405844173
0.33214258117516926
0.13548597908745308
0.3373323387862569
0.3882585438160546
0.27836707587130716
0.5060951471684055
0.42428281089201714
0.14226991834032232
0.2190014209395631
0.43333645669484855
0.21870761074862644
0.3247130183497957
0.3971795807002837
0.2973998644337149
0.35503579465231205
0.25859938740228505
0.3326401147396294
0.25718659898600504
0.6721180666926316
0.33947306143828937
0.30823946606839425
0.32068401418786696
0.31477879403312103
0.5597430453381973
0.3787226285086236
0.28569591438984365
0.4116992313022173
0.23780998341268245
0.1896945517452202
0.3875996306376359
0.6939878910314776
0.3134551292055461
0.49911292582937106
0.4383448067764767
0.17403062584156193
0.5200968941675288
0.1673587573505394
0.30925812603791847
0.21984229095925323
0.28508584084364375
0.33714306872037925
0.22589940361798144
0.6708236411837434
0.2893195513093011
0.3704917969394489
0.43462545492500626
0.2028552934407366
0.2503438566222085
0.12750753710575147
0.19390842672647435
0.5066070815906418
0.466639364919355
0.3057634249743062
0.32149113812482544
0.2722486027576033
0.2618814627562227
0.26784276131250706
0.4327721510104793
0.16842928070589658
0.31768201730810586