
 SPSA MINIMIZATION 
a, c = 0.35, 0.17
shots = 1024
{   'fun': 0.00015615357583698142,
    'jac': None,
    'nfev': 541,
    'nit': 180,
    'njev': None,
    'x': array([ 0.10896353,  1.06947198, -1.27885364,  0.1752499 ,  3.18415211,
        3.36743428,  1.32061267,  3.36721147,  2.67234462])}
 

 Best x Found (Tracked by Callback): [ 0.05709841  1.00131499 -1.21069665  0.24340689  3.2523091   3.29927728
  1.38876966  3.31534636  2.62047951]
Lowest Cost Found (Tracked by Callback): 0.0018924245886655644
 
 
 
0.9518079485212053
0.9553685259938439
1.0114075500056987
0.9855129222246127
0.9714851721938775
0.9770077438076346
0.939464376200128
0.9693952719239489
0.9019662912594735
0.9776971046850034
0.9536763937389336
0.9935187763119249
0.9870601661700824
0.905185969204755
0.9536300653150929
0.9734548379010695
0.9392764502690955
0.9616361912915852
0.9235616849163386
0.9474931381073505
0.9359192555561824
0.8818066139672429
0.9425439927184466
0.9848582064787619
0.9644658213705309
1.0036456405952632
0.9933904166440807
0.9192839682204911
0.927465894070997
1.012859275477707
0.8621986676281554
0.8778995429974022
0.9723143110451018
0.8934678051394312
0.9173468121557576
0.9749857246677741
0.8923027806028107
0.8672557775609292
0.9386921896020769
0.7528360129919869
0.8252199742337578
0.9070661528457773
0.7901583502384788
0.8836102333797771
0.7802450043490203
0.9521262117167744
0.7623262180118111
0.7294223468599863
0.8685460504214513
0.7887419262917934
0.6938296639629201
0.819473659125572
0.6658237203516904
0.8245653662554129
0.6282563185140074
0.6934833535646614
0.7457999081198419
0.789554385097179
0.6637262768773016
0.7192529845505619
0.7158588293447001
0.6678917379483593
0.8703528225806452
0.6373788985289646
0.7379811523748805
0.5885386011073424
0.8086456363256511
0.6638180136211645
0.6390496967384319
0.7457970383275261
0.6753733020903859
0.601911774152107
0.6745344849509336
0.5279630892091938
0.8121561081315649
0.552935036307054
0.6710470371086641
0.5991950859725579
0.7058257342182275
0.6594840055901063
0.7186090108705949
0.555338755018024
0.5759307527772801
0.593330486465051
0.6591823683553781
0.6434555268552261
0.687292238762827
0.6684875568781325
0.6700250918114425
0.6811491584924214
0.7191497592090437
0.6261118592346646
0.7915815186953276
0.5224582220835441
0.4972047916949037
0.5594097942022201
0.5317670961306331
0.6217793429717042
0.5534857480072121
0.5310533251426759
0.5963879338214736
0.6918001658593094
0.4941964416970481
0.5106691848009923
0.5986244385463455
0.5705658463557155
0.5253329884879774
0.5138501455722393
0.6199245337041885
0.5075203862171693
0.503709708559411
0.4980244931760306
0.5416005536070674
0.5292491542699322
0.603405320664258
0.4993360835192332
0.5164587938392128
0.6057086155100482
0.5026611512342352
0.6596802959937332
0.3856843839753997
0.5002489319422887
0.5722985395053138
0.5345789563543268
0.48337662560756867
0.5058636526256846
0.5552889378368382
0.5188916436557113
0.5125200433217059
0.5422895328043278
0.3789484542560323
0.6360659478096269
0.4486824537346543
0.38756481495377604
0.28728487744177333
0.4883574865711727
0.36743409766697177
0.5600101401456137
0.4234302452118399
0.48322577141264433
0.4274537619884058
0.6232463817555476
0.37282658388390766
0.4752671824034742
0.4344613967125095
0.32001033550232105
0.40099490995059717
0.457403741376083
0.3747486838173253
0.5090880418186866
0.5224188057785453
0.31955062030974113
0.48401988636363646
0.35679780267507777
0.41923207984254796
0.6503323055003385
0.42677912435049603
0.37002255369530423
0.36747094282953474
0.516810718412943
0.4129272237306988
0.47260131431998686
0.37141748676122066
0.391471130287139
0.5987085263659899
0.4258086052680077
0.31169666953726816
0.43678839096215083
0.2882350138988522
0.3132361129859612
0.3711685445267341
0.3830716630912516
0.36220872471098275
0.3697492187500001
0.31741505697609795
0.3639948821264851
0.34741930701457147
0.4378990683625612
0.2540528334178499
0.5137481931170135
0.4106098697533138
0.306240327149198
0.6396283667127072
0.3542834314949519
0.3408824681213588
0.4605936714893336
0.31307880948785605
0.3197231799230277
0.31600703428201815
0.46385576738598167
0.269362034708612
0.37701368812016633
0.46086146908742187
0.3977967524433518
0.2811776576945012
0.33222052660349843
0.281082575380015
0.30902114258322044
0.33677181272803824
0.33913096447893754
0.3810975223811067
0.47349795736288514
0.34984221501902835
0.47666670907016817
0.25024712419762996
0.29571091118051673
0.42419242732878226
0.30940862996688745
0.2718684362703393
0.323349268790455
0.30427696928607484
0.30439935403209006
0.29113724777108096
0.29919736897676497
0.25172095395859406
0.281782023852877
0.26592081970119896
0.22156439125337013
0.41039946964854557
0.3701223813674508
0.22930372032221613
0.49409974320797645
0.22495156671159044
0.2426331769715011
0.3949262907608697
0.286800748236817
0.29512139339377563
0.3605285450251565
0.3298800535547709
0.2116778297718509
0.24353261276404625
0.276901436509304
0.2658595417462368
0.177633031574299
0.23463483562264675
0.36920057808226114
0.221210361739672
0.2588272194093515
0.2497576462391623
0.19118256496639996
0.35191329397609483
0.21726609604208114
0.46553796507415623
0.29934825963012646
0.2714912166673964
0.31774652311270524
0.4331941348645647
0.25711079581839136
0.2560406156456443
0.17530318719224458
0.31886140348018766
0.18612841984366424
0.35263380107645015
0.2637724006221267
0.24706045704206492
0.23886809159769984
0.21127230958947718
0.38876269777893335
0.30019852965595106
0.2877801211252137
0.27429558797458
0.3367355060321716
0.19345404658176957
0.27436242865140914
0.3822808693283416
0.24059415524636096
0.34805649424518204
0.28307132395890633
0.23120800078189552
0.3283496367488613
0.19799538407603634
0.2293243830416437
0.4600578945405729
0.15268021863272252
0.21446543958218622
0.21143757751833492
0.2657003118254514
0.19227629585653472
0.21946134981445853
0.2500173482605478
0.16097928969485664
0.3190681002337491
0.21450224892939218
0.19954890832634986
0.1954110452669341
0.24563150141002443
0.17113469612927612
0.19780941807271868
0.2607352120535714
0.16636644739295836
0.26570624825825917
0.10383287292817689
0.16008470211917658
0.18618059912170637
0.30894217982815064
0.2849729865455133
0.32127849604925984
0.531935429393797
0.21878716039180923
0.3486112730092443
0.3240771644838585
0.17701815393900644
0.29500190796449577
0.3650894037622936
0.30113590621779784
0.14436698610365217
0.4961231043073405
0.1846542128569708
0.17204628105201736
0.2312708425967097
0.026243191320919346
0.31330990000819803
0.3960565976618138
0.27183760179759675
0.27586864278811307
0.2781997412683217
0.21383319323575956
0.31608383894703573
0.5412344897192969
0.25246093749999987
0.29857367809256063
0.4085904347559981
0.25126771039633855
0.31924405495073094
0.2803722290069258
0.13413690077664708
0.21999428294195678
0.2950974220413538
0.13162300994019727
0.3584222734000436
0.24605663803579325
0.21755129597666933
0.2045204729032999
0.21982281737718656
0.18607438183846836
0.19656375460812037
0.13705556222557647
0.21446682619442858
0.24996819175293528
0.25471813014130285
0.18317209775967425
0.22242240311354267
0.300997569417343
0.17277678346158698
0.24864323918630515
0.24114160877770674
0.21183403442692217
0.22789334442133735
0.30983262004452006
0.19360391003634914
0.30036618038172713
0.17430030906593408
0.1968516488146128
0.2418826378280794
0.27249811213454667
0.20121713408310693
0.29108096484521284
0.2849605909818149
0.1938647366046642
0.23634928170409508
0.3517904563242864
0.20841121762368675
0.16848834619952502
0.3303762495510595
0.2523936154902985
0.30831599181715574
0.2415703902195071
0.03629931683494303
0.30621733428820774
0.22836897397610934
0.27213764844515165
0.22868201833787716
0.2869088979867791
0.18401085910209591
0.31577348306817
0.2285750795093141
0.1515893091129351
0.29205923999939676
0.2542460364222382
0.11540600786235189
0.2317236047426774
0.35015038295566103
0.24909262139539734
0.34066799883664967
0.2671794026074452
0.15734747304328145
0.22510814738107965
0.47464389899436277
0.16434323375135673
0.3372806980867006
0.16946873576525945
0.10193573040848547
0.2632872774480711
0.24532789658123633
0.08790931838574623
0.25873548795391055
0.15977396778086628
0.14861047706003205
0.275462127927111
-0.150228647085336
0.06106042039537918
0.11278312712033534
0.22114186356707355
0.029323403013582272
0.29639113663291683
0.29368197703766297
0.21169764067418684
0.29161820519098924
0.20930441313160741
0.17740363793850156
0.3155787280144954
0.5616876010237073
0.15868896676965571
0.2722075496756634
0.22207347310518488
0.17109022549507857
0.4043750307498031
0.2808153235394022
0.21510079121459313
0.2833943916688244
0.4625518449656756
0.25704490336196684
0.32130143933539435
0.1870201246384796
0.25042570885474413
0.16316762713878363
0.3148041596283785
0.13352976831896557
0.18787017788985838
0.3657390883132777
0.23798267509675353
0.1746941959538496
0.14583217308977536
0.1181124345516471
0.0858718426763947
0.19370949943651383
0.033822400762892
0.4852415168397064
0.3026874165182546
0.16813100093306033
0.2827884306803595
0.21031552095774875
0.1914110180805615
0.27600129751862423
0.21811951860998735
0.07895453946301179
0.37565399758796836
0.44004802510009255
0.16104957781518225
0.20601769504416112
0.48397924484052535
0.016471778617101585
0.27563415492110843
0.23028418106488047
0.1657166402515935
0.17301502326269347
0.09038385261949777
0.0018924245886655644
0.669187057783019
0.33881559655625426
0.18772968470943818
0.18935542645625836
0.07460827464788744
0.08627315133572
0.08899663596811191
0.03698960036794796
0.15006439862164767
0.3968142721397637
0.41963684958133995
0.17889589568191566
0.3605953800452141
0.3166007452928872
0.23996561705018515
0.17899275899316747
0.13762650923295472
0.11830875471459146
0.2691107136087948
0.27706526794287123
0.08475407249338807
0.26840181058495893
0.2319205312867022
0.1868230377172596
0.2957454681396481
0.20435260065908356
0.13158503276360367
0.29408842429041293
0.2605795480947962
0.1053056052612159
0.1879617989410579
0.2462582486347089
-0.04815581680620351
0.09433178191489355
0.28268433439099105
0.17869601425642967
0.2611186495452281
0.4578968508997433
0.1557081746842499
0.24338876209854832
0.23547556277791504
-0.0948033098444876
0.364961015988007
0.49664118705035976
0.32215964028388566
0.1997661386129771
0.05382038846596737
0.1499177784492377
0.23806536527914512
0.13161115011657487
0.08847049929821682
-0.03436976469692321
0.2978241228019167
0.11983090753424663
0.4802366955445546
0.37721657898073
0.24063534768211958
0.3622697295459807
0.27567335484637334
-0.006052632179918138
0.28652673880767454
0.12762184271383947
0.11203094504757227
0.19952610789080027
0.24639914213273006
0.21940511652216332
0.2521914257742771
0.25865040553435104
0.14340524664439436
0.4099761792064537
0.32486738342476484
0.1665531260899894
0.12939587047449297
0.20412106464232527
0.14392210251291704
0.2353506900498813
0.1319165396341463
0.04649156306446167
0.27589637721971905
0.21828388991552294
-0.005527664759909179
0.17724650082065474
0.33396407400389794
0.2277799798425122
0.44158168462513603
0.3110036246081507
0.23304612347208142
0.11806053849248932
0.4598268602715164
0.2985276733753638
0.231931856094306
0.2400775621867821
0.21643894740513403
0.2168678705519419
-0.008508756523484706
0.033670015522593855
0.27333521427528484
0.6267051602431986
0.19986003491144422
0.2939794665719462
0.3573019962214209
0.16804033297936904
0.10047210916115423
0.0652622691077328
0.10181545458848773
0.3544387529481132
0.20532789472902324
0.17483132937441204
0.00015615357583698142