
 SPSA MINIMIZATION 
a, c = 0.35, 0.17 resamplings = 2 
shots = 50000
{   'fun': 0.143947439961856,
    'jac': None,
    'nfev': 541,
    'nit': 180,
    'njev': None,
    'x': array([ 5.87315455,  3.5490776 ,  0.1809827 ,  2.82105354,  4.496923  ,
        1.05408495,  4.39145436,  2.52999603, -1.14967664])}
 

 Best x Found (Tracked by Callback): [ 5.82133588  3.49725893  0.23280137  2.76923488  4.44510434  1.10590361
  4.44327303  2.47817736 -1.20149531]
Lowest Cost Found (Tracked by Callback): 0.15357062658321174
 
 
 
1.0010883889443112
0.998816322214509
1.0012467246087757
1.0004462551536057
0.9977400086328557
0.9994229412720357
1.0002378986235967
0.9965624655823816
0.9969348247417322
0.9983556071963787
1.0007447770909996
1.004956292353708
0.9951062254504501
0.9937379837885891
0.9961425618676658
0.9971253066936198
0.9989894535840278
1.0003496530390383
0.9971589297693664
1.0045131468061081
0.9958274094128527
0.9957779754449811
1.000769783312447
1.0000842192487072
0.9990400483214571
0.9979313657584923
0.9745368804146564
0.9985689583969988
0.9956134899814943
0.9878300282918662
1.0045711102321344
0.9988285290742855
0.9815297723541402
1.0004849072968296
0.999010583606108
0.9925458314134968
0.9851784917142339
0.9985713506855965
0.9897835403519898
0.9737066995654432
0.9963774984422238
0.9958314213450252
0.988304320729198
0.9959269989921521
0.9918742713907556
0.992698880477893
0.9920314905010325
1.0018233266676546
0.9908573524675722
0.9918078315752763
1.0026317504392213
0.9849619613859364
0.9921184120615486
0.998408423162654
0.9889058649019223
0.9915229506094789
0.9917862239979105
1.0013306321686677
0.9919212722901647
0.9855694855378757
0.9782286367376081
0.993847050989936
0.9882447032939136
0.997435921788981
0.994057232600454
0.9893271036618355
0.9890556997505682
0.9979931342743183
0.9896870204107208
0.9955816894695078
0.9943513864421498
0.9520931057900869
0.995664364619141
0.9852335882085005
0.9973270894941741
0.9531424913004898
0.9774711581629243
0.9645708556578049
0.9897964476300669
0.9747675736946004
0.9921830999933146
0.9459483724470461
0.9671170608704182
0.9600958221004549
0.9695034430314073
0.9664334684651573
0.9541590031270171
0.9776676331473173
0.9662300073250082
0.9823420208777193
0.9747978587844811
0.9662827225391576
0.9665630666318409
0.9782809517656205
0.9637111560977236
0.9196203636466047
0.9952442569960295
0.9458345018549312
0.9749486183425174
0.9309447767176803
0.9410343068714246
0.94237429416224
0.9501496598204234
0.9404586822270797
0.8675822752758795
0.978844234010797
0.8934808521736481
0.8884594087155283
0.8996263230234517
0.8955310693733999
0.8447783025664791
0.9510252291446825
0.859410582056728
0.8898305003305612
0.8126930067146431
0.8372772161280883
0.8005232402279179
0.8811762233828582
0.8198945494822997
0.8525848224188207
0.7758560692849318
0.7972463252894633
0.7314855439362878
0.869084844451556
0.7511325533172506
0.789204181351222
0.7156038155936699
0.7278589877460679
0.7458577320161079
0.7249346217795922
0.7277821427182383
0.7957518884526473
0.7376576897508815
0.7269942272751182
0.7527786056883037
0.7493908035770271
0.7286681622275564
0.7107045573000441
0.7700241025743644
0.7227759145443542
0.6784183581834005
0.7912070426000365
0.6881331638295355
0.718035079945095
0.724533896461856
0.6929966630180201
0.7196852078044458
0.7566306817499757
0.6896421504671433
0.7024300582618346
0.6992273325049897
0.6873376484820048
0.6244547170656676
0.7757337619050384
0.6406185648130605
0.6950763677117533
0.6316029549772594
0.6328586568786484
0.5647252474606493
0.7034292971685302
0.5809611177340961
0.5962874196193317
0.5878707790016074
0.5837599992651878
0.6409399199445247
0.5346383218238265
0.5562780310048143
0.5802439467929257
0.5443814425071817
0.5533822970489892
0.5088633207232018
0.5913687302608521
0.5340345317822378
0.5047636574233894
0.5945294006621369
0.5072433751456049
0.5251235827604154
0.5214361085332091
0.5112298073370792
0.5756648927684552
0.5214296184787091
0.5084682624426415
0.5542473046631132
0.48784915702569775
0.48845903559836346
0.5747918114511071
0.5234392623014372
0.49976744209799906
0.5949569749573882
0.4506132896388402
0.4569231229646238
0.4472743929468108
0.5195131476494559
0.440629189951821
0.44335595914741366
0.5210378240062867
0.44205923180433226
0.497528460094259
0.5193763034133463
0.42706182613106136
0.49421355945304657
0.4293820749958398
0.4167813593588443
0.44710081757258335
0.42576665775405764
0.41531456859477844
0.43259059777265996
0.4616355851800852
0.4136600575290693
0.478913084492255
0.41390701547156816
0.40829142540141516
0.4679565181414054
0.47599389007177284
0.40448504729952395
0.4902005184003736
0.4583232558192928
0.40121563298595797
0.35662453119712145
0.4771437820405441
0.38077194099790035
0.3972556311842599
0.5070213786073172
0.3748178529572779
0.4596285330020018
0.38983088495174834
0.367108747188426
0.38936379572181634
0.4815695065195682
0.35719673298155374
0.3991713482048024
0.5193905416270015
0.3719789504651585
0.48121438294233865
0.3282953352812531
0.3358067029227685
0.4069179887909057
0.29527794238092264
0.30112244202126326
0.32819188121566356
0.35703633937665524
0.3038350503361559
0.3517134798341405
0.3051973238751996
0.3033321741301509
0.357341230758386
0.3068279142239577
0.2987879064731387
0.40480982847338076
0.3553197870903716
0.299652796522506
0.3716636408328884
0.3123996366320402
0.2974737197509101
0.31143082768405095
0.3823524261863621
0.3008274781316973
0.36652050271250947
0.4563637923752317
0.3152841809901833
0.3531550396247327
0.45955179582319583
0.31568511525795817
0.3651556932961717
0.3081531540381133
0.3001568832907776
0.3278684717468543
0.40497727501891456
0.29442494784032314
0.2884456565602924
0.36286168598613944
0.27503856735500076
0.270433797487287
0.34612221293887846
0.27243338117216653
0.28785047141693276
0.3067284022972534
0.27453348617806683
0.3336839169597524
0.2729507636378319
0.26407112526347176
0.3177113750646108
0.345045449134873
0.27114318764395395
0.29931879779290005
0.2931401294338908
0.2542686780079185
0.29160487680368574
0.3011129697906072
0.26243936142876123
0.2701016770938375
0.28561306061441905
0.2638669396287875
0.29524007179897616
0.2516236918706949
0.2448368022668569
0.28496779392502536
0.29870065015571967
0.2616628846821095
0.25707125979655443
0.2959552933271513
0.2465632626180112
0.3042380816944482
0.3104020385197539
0.24431479495329922
0.34779925402214185
0.30316311594348966
0.2476956394812614
0.3036088500072769
0.2498458969215952
0.23796721689573375
0.26619312654711536
0.3500192341085475
0.2405405373073627
0.31567237709372165
0.33677654155874026
0.24131545600347182
0.2324239489961848
0.27978072129854203
0.2298384513479762
0.21996989993132932
0.2574021321497586
0.2204726663964537
0.32867666703982734
0.24595214233603202
0.2302562424609813
0.2723914391958785
0.25414778899486334
0.22497339622128498
0.25887323552423247
0.3158934445369481
0.2156482655089209
0.2886056890232199
0.2141144711613725
0.21427839421011863
0.28442365859035756
0.26372906606889757
0.21093851582580314
0.23161276368500683
0.22727313360150347
0.21738010209332959
0.24777082142340534
0.23859427031826463
0.2170162937817357
0.24839655659231974
0.24594076534143128
0.2213224570887351
0.2670083056942152
0.2917817182545155
0.22631401976805254
0.29176724296868084
0.32726252333053096
0.20936633923467773
0.3047792764234295
0.25437414207695463
0.2069193902628046
0.24951819184618207
0.30808396812677186
0.2083422639961331
0.19524229465643794
0.24320646723058426
0.2005093708244654
0.26390000813890935
0.2398441981573074
0.20414866592862524
0.26454052911424
0.26191890784544813
0.19738638962972677
0.3188136887631573
0.4336015096787893
0.2748090790391945
0.23155211739569992
0.26326580478364214
0.20755317067388257
0.26354587260759355
0.2531330694298609
0.2042862158672608
0.3090198332636037
0.33363195116421995
0.21066995340020533
0.22257737548856749
0.2658648416310021
0.2131367043757919
0.281400371025019
0.26681531760462407
0.20788525002487968
0.23921813254947755
0.25078294292694514
0.21205511751120798
0.2413087281793962
0.2407967726015282
0.20414156161567354
0.2564216859132966
0.2940607136577863
0.20567886852488781
0.20073350741229778
0.21377097577684223
0.20673609649482505
0.282031483906072
0.2626213619082094
0.20431610789315535
0.28557184850614925
0.24942968234094332
0.20396229850517833
0.23428281456902167
0.24279981454112676
0.204844288689356
0.2399398501001585
0.20472549751734437
0.20576918428251167
0.3359886041496599
0.33902029362713026
0.2004877470194515
0.23671566140752243
0.2252403308856844
0.21771194016716244
0.25565498084319005
0.235979256187425
0.20287913599895002
0.28312711958159076
0.2687937742884109
0.1984976170225321
0.3221335159261305
0.30063192771306446
0.20973178750824495
0.3163680715323024
0.36593053521837227
0.20844827641514752
0.22350664619118976
0.25721161898048783
0.20263180806053405
0.2351670451387743
0.21947102055765166
0.20499828330420877
0.35407884332083517
0.3260593510219808
0.20183514427845584
0.28863603326342413
0.22778030357839807
0.18740012479382706
0.29191367121448997
0.26077352686464295
0.19197583766674664
0.24673789196785934
0.22856028592571798
0.19281950953497118
0.21423990735403375
0.2707846833592926
0.19648116457616271
0.2623299613370066
0.27755575701479673
0.20138250771028
0.26537605527546626
0.21512817226068193
0.18477312558254055
0.2975031285959967
0.25399248361540405
0.19321109340508835
0.32653897133981113
0.25765271946104296
0.2093520288041869
0.3200687646410112
0.2878854613588113
0.19729348065572172
0.3962240745473299
0.29272605066584145
0.24406088861846198
0.2270319954702218
0.22885070930755613
0.19421001203158073
0.2360923547748245
0.2219863126222773
0.2044771119632236
0.22819026843578216
0.26869382831902955
0.20125811182733078
0.24431260111529096
0.23792536452621438
0.1960699765649705
0.2876517767612671
0.26978525558583977
0.20494729294886505
0.2535466038243269
0.28002778722017596
0.18932116493502826
0.21387525631361126
0.21487306399494865
0.191439112230667
0.2895696202877174
0.2601500560176172
0.2008718521103693
0.260921962125672
0.27770708347430995
0.1963880830478073
0.27075223221608613
0.25231163873263707
0.1856909554265429
0.30710467830701205
0.30034972025179996
0.18031649708386244
0.2638833422934318
0.28932468926413535
0.1982870403701501
0.19394064436322767
0.19385419159120865
0.18588436042203105
0.2713836323320443
0.2780479980894579
0.1960304286870852
0.29524681095773697
0.30764293627573125
0.18978371111269943
0.3108843414047804
0.27894550963586506
0.19343725855476923
0.30234631961790626
0.3052554947017565
0.1956543118128662
0.2933129896419676
0.24830564612795913
0.20057026833342106
0.21376346228011844
0.20021325186905847
0.19965466514370578
0.26281697293486805
0.28290106440881235
0.18544791568585506
0.2499438784527408
0.19365163190525858
0.1798104904720389
0.21980002283509348
0.1929263783793287
0.1808386331736519
0.41382727588461543
0.2852440656159537
0.24684557386281702
0.20251541446615895
0.18760885210877343
0.1870961561000447
0.18289012985799136
0.22952789062953782
0.16917239005387308
0.2864536075392362
0.22919229236977845
0.18232538867999937
0.18753903131740668
0.2255809814053178
0.18767891507988066
0.24104202996855162
0.2794370045134401
0.173866316959998
0.3861498557452373
0.30683947597546746
0.22580764198866576
0.287968766539326
0.4788816474050678
0.25116566803911144
0.23518379690934865
0.21744868502626968
0.15357062658321174
0.23014683221589805
0.23865723663576222
0.16028164669999612
0.2773166802217707
0.22697854746414736
0.15667634124249596
0.143947439961856