
 SPSA MINIMIZATION 
a, c = 0.35, 0.17
shots = 50000
{   'fun': 0.09895421413389416,
    'jac': None,
    'nfev': 541,
    'nit': 180,
    'njev': None,
    'x': array([ 3.0760372 ,  3.93895993,  2.78017442,  0.08135411,  6.15470513,
        3.79892606,  4.72777747,  3.41143045, -0.74297549])}
 

 Best x Found (Tracked by Callback): [ 3.0760372   3.93895993  2.78017442  0.08135411  6.15470513  3.79892606
  4.72777747  3.41143045 -0.74297549]
Lowest Cost Found (Tracked by Callback): 0.05896338041201432
 
 
 
0.8019370728210524
0.8087462675071195
0.8052938584356459
0.8080649696486161
0.8096550775705386
0.8079761338827927
0.8069369402174307
0.8144725332538256
0.822801852727764
0.8069637412201043
0.8070337951989692
0.8077128896478694
0.8198116662275512
0.7993932009434097
0.8111728371587472
0.7991719533916138
0.8122635965611643
0.8068620638959434
0.8239972325543257
0.8069985414818263
0.7994458912463412
0.8059866440561705
0.8167597829461106
0.8060984194678007
0.8117750100951278
0.8022038013518162
0.8073826330963871
0.8291547178280543
0.8069673217600887
0.7694277423024439
0.8129652830759853
0.7995879183875922
0.8616669847990196
0.8018756101428933
0.8055335415506939
0.9053616589654132
0.7558328787146529
0.7584467649783189
0.7922962032300944
0.6793021943174845
0.7205980247084472
0.7351054817901927
0.6859164702693019
0.6985271778593298
0.6971632534787748
0.7625229767036151
0.6922220145541276
0.7952972541658916
0.6440451930581161
0.653916834963465
0.6653117434121397
0.6322737973598549
0.6454585575500316
0.5965558899842698
0.7576838218909357
0.6042900597661499
0.604046622869932
0.6538600449529739
0.6014913691415198
0.5119848781513294
0.6847965467636953
0.5418896192627503
0.5573451235271656
0.5483539673163178
0.5340650221653384
0.5703489211853126
0.5666251906192636
0.5379721100935886
0.577271721506866
0.5789059161229945
0.5435420820074605
0.5514297552803968
0.6203519371765338
0.5306706624384814
0.5164805835208504
0.6242850662763486
0.49153885370517203
0.5939260368374981
0.4893708254982614
0.47894835155067794
0.4887739883347221
0.5222081265317897
0.4790785716594538
0.441579284274777
0.5438958926070996
0.4553213637722372
0.5159232662980889
0.4648064982893687
0.4504307372427989
0.46513234279511617
0.5395818573264257
0.442505683975005
0.514328796489975
0.461150705534486
0.4468727693171174
0.459536428118388
0.5472411012724006
0.4412395792796254
0.49442633994574625
0.42724473712163114
0.42901124913309774
0.45214981225525275
0.4611158393825411
0.437926708011522
0.5100615708669586
0.45114628494718967
0.4261794400908224
0.41887966735600535
0.4706412989465498
0.41542444956556446
0.437137439842322
0.4736989345442708
0.42059077018535385
0.4472506390411116
0.4175953462620281
0.41760894295383577
0.4316274621067745
0.4838224940371053
0.4000313869931268
0.4226536167925503
0.45243575383712975
0.412069727632157
0.4521711613022762
0.40400929301461275
0.4010088864009439
0.480682816776385
0.4135518470206395
0.3848356035120378
0.40541264757225925
0.42249129854613243
0.39099185697136063
0.37469627959228635
0.455399757254754
0.3713537110202474
0.33635055494813104
0.4226527932781269
0.34305434676299496
0.3786140571099762
0.3654575382028179
0.3348071534620932
0.3590110333085834
0.41687061784750334
0.3439160085634062
0.347135023556017
0.40677967021506856
0.33759997959073385
0.3572890818234661
0.40441104886099466
0.3197995209142668
0.41506585452355826
0.3687225294950871
0.31957766450314185
0.3879689854181485
0.4214621531898527
0.322563289370999
0.4037464510651686
0.3384892537939792
0.3169234665111561
0.3616378135618362
0.362147901563201
0.317705094257268
0.3834570138679162
0.384879610178114
0.3259337636423021
0.3472091847225732
0.36636090988863923
0.32074690005596795
0.34196206815898034
0.34560634079538555
0.3213245157698287
0.3768975479895422
0.362200803711784
0.30491096055754385
0.34739344613169953
0.33876714246694384
0.3193576962258706
0.33486778245802196
0.3564501270555739
0.3223910225410368
0.37871763851720375
0.33282277524197745
0.3209398464258384
0.3949420521458762
0.381520511106893
0.31473084799031836
0.2857890854538978
0.3859226494072425
0.3059078660552298
0.3147120783898183
0.34037435449277387
0.2931903982551246
0.36712889812889804
0.3547402620180382
0.29339430391543975
0.34378969103810597
0.37619658795123734
0.2901165514364469
0.37058867156576414
0.35279989177626914
0.2901303565402865
0.3544232899822962
0.4173371379873404
0.30188917692886585
0.3633771880355806
0.3153446244720518
0.30246039810969494
0.37377183291058713
0.38871980554781416
0.29687886496810223
0.32517049923080577
0.32215813344211586
0.2908080908685515
0.30231171883588426
0.35940046772630174
0.2904964253914365
0.3228833733638027
0.3121247130704553
0.29198506881023967
0.323345815044322
0.31424652331245284
0.2936288697006558
0.36963651170529344
0.28173897423606076
0.28283845205124347
0.2950981946176735
0.3467256804229666
0.2741170522785821
0.37872085885369366
0.34467191717953394
0.27456657244572746
0.2727919191073964
0.2994047419318171
0.2722577625588377
0.34651469770643795
0.3371603033685733
0.27384398445726343
0.27431952723211894
0.30741809288574773
0.26126220158927305
0.3264122589041011
0.3790522149023525
0.2656227617224626
0.34050657775720805
0.34748326091739024
0.2751219607836535
0.27840019471564814
0.28562062477374706
0.2582510331454312
0.3137670438898006
0.27159159886063566
0.261568205300466
0.3019140076630076
0.2811210489046928
0.26230836328128293
0.30564807643071956
0.3306054258886113
0.2550937281396297
0.25679087142002166
0.2976223529665324
0.25420086973924116
0.29355335428019547
0.3626343012468828
0.2700261702059418
0.313449524150888
0.2955862173202849
0.25471000506322417
0.34513502746064095
0.32465431153439595
0.2555759833021851
0.30736580768625654
0.25641074467839053
0.25552620733460607
0.2870172339683753
0.23206133595696343
0.238437062688444
0.35597471585124874
0.3159609428813447
0.2522652284934993
0.3241528463959028
0.30820187455828907
0.2508296193845134
0.2738479673309908
0.2745750819489331
0.23623175631850324
0.33705111805833154
0.3921093996521354
0.23755349195584685
0.2569427870699019
0.27603922957567695
0.2329910494197488
0.25238642754649376
0.3706661434536721
0.2301296955415123
0.2863236748229008
0.22027119836372844
0.2270372847106079
0.33156327861952306
0.3738795170356174
0.23928955980137456
0.2767049116894198
0.2564610372864652
0.23464370151113367
0.23946824253687082
0.298789977083037
0.22127672760931738
0.2536076262279513
0.22966960826808192
0.2246884360733813
0.21873060716951442
0.27982147173460403
0.21860062689246085
0.2312682699668528
0.28837487735537437
0.20847464871101717
0.19677642172821141
0.273529864477179
0.19160417407301322
0.2165169575268705
0.24220884642631935
0.2011433009960113
0.231615944559442
0.2395094955750009
0.2057075329860305
0.1946786931679324
0.22794297131343055
0.19419756601830518
0.23464248102431073
0.26349880907203993
0.1979217320656801
0.20157564388040072
0.2427062784881081
0.1859183306796206
0.2386587702682338
0.25331437768848497
0.1853966942530716
0.2847818824112398
0.3384531825618149
0.20538581549920432
0.22316021094099137
0.2045730153819143
0.18569431554030813
0.21116594386078713
0.17585217597214275
0.1951002960922631
0.22322944736193528
0.19621526191101757
0.18387307284798327
0.18149943606862906
0.23984665826858453
0.17165192811780938
0.16733483044696018
0.24234674396660294
0.16437885824098186
0.21129776857264226
0.22736702402089892
0.15870145471523023
0.2329013941756014
0.28138369040866285
0.17361461552279867
0.3330993764734409
0.25536768923948483
0.18746385312304525
0.22334783017148885
0.25873712931751336
0.17350855943084487
0.2705986267774374
0.3534663322517425
0.18937493586348797
0.25460651721483285
0.2203524280121042
0.16683329018751059
0.34498774447467717
0.25553438989828803
0.20157268509152892
0.25900229456124824
0.18848485056476072
0.15618479072452007
0.29317262895077967
0.26061481972330314
0.16152215800174274
0.23669957018361498
0.25802624491078885
0.1532502359017226
0.2630530014273613
0.12749065840595475
0.1386596814332326
0.3673647355119053
0.24530192767415726
0.18255642916590797
0.1569746565181035
0.19119716066343306
0.12985708286458297
0.15401649088031621
0.1849490259002592
0.1242881963450303
0.24089105614757977
0.2312521312847995
0.13366859358957917
0.22152150285906969
0.16064811570016624
0.11798923071460932
0.40291904413021074
0.573351092286337
0.3038004837164988
0.26755900988313397
0.25728304854293793
0.1337334023710839
0.32834607880583555
0.31256820354714043
0.13056534237405237
0.24911147138526446
0.1376835817005727
0.0850395777404721
0.3922450518737406
0.17070269780970304
0.09441531366545641
0.2818171994465889
0.2400087266373564
0.1607515587036661
0.7740236597267129
0.2712517822665296
0.2303972213785721
0.28452390037969
0.14596254976727063
0.13727881461906255
0.3309983386705285
0.21947394596859005
0.17031353465519206
0.22404887911288573
0.2944765585232684
0.17375599800047714
0.45916431984326667
0.3315380737882876
0.18993389191413967
0.26253557980452447
0.21845125910881769
0.14487454216533835
0.36309752518765737
0.19022540769769314
0.10887249953559097
0.237206073854887
0.2786225988060489
0.14349385005250614
0.36645850192506524
0.2121159749585716
0.10984859133126923
0.40566927233713834
0.6421936739758682
0.2643824494795428
0.7366225160243862
0.3847475466204867
0.29066558803397846
0.16453500528507325
0.7956099189913804
0.15208930117062824
0.24965220952343636
0.13425443434565665
0.12895209201650115
0.3119978318923621
0.3860342238517632
0.17662129517751735
0.2152449802225972
0.2921654829017787
0.11279027509713069
0.3017105536513972
0.15198199073651297
0.10698016750327322
0.3428923898497075
0.3182515921871486
0.11549775539492912
0.2901269365454524
0.32752777859275994
0.1421826032382969
0.2223034045172132
0.3707325416958438
0.18160394633238885
0.28475398816068953
0.18791802568065685
0.0989335575237914
0.30753269267029504
0.40228719202014773
0.17221214231675963
0.411180072320511
0.26918687622922455
0.14312533420402096
0.43435061594148516
0.1650079042384166
0.15867841989176712
0.3628483811853547
0.2258293279649961
0.14597755777525512
0.3793074989321241
0.38057323802662757
0.11847225244066117
0.36949965365839565
0.13055728718504278
0.10356956064251421
0.27610907883380864
0.17722681514329264
0.15253052386749766
0.6211497239797467
0.2643343363741786
0.18300685208225587
0.30733225887878846
0.18451996136190985
0.15125414456389719
0.2961013578313634
0.9661826866828087
0.219180727382998
0.589239643587688
0.23753092014791566
0.18114287437971444
0.16117207996650718
0.1532550335318753
0.08249402561342467
0.2929736600113514
0.5422340000000003
0.17902467907578312
0.16424627899169286
0.09478014247754452
0.07705536772461519
0.4749533205577686
0.24642856399439572
0.19970283781210074
0.14810411043415606
0.3749602581381446
0.1362851563408518
0.22463033030869117
0.7189833603023993
0.13158952999551576
0.5774990785726253
0.7199525603315187
0.4563001077413382
0.22399854757909066
0.9963104702539183
0.17714133183172887
0.24543328853430713
0.15506377632786728
0.07873759061565955
0.6061350842736749
0.4120749477530222
0.29663294167187004
0.1965446852455499
0.6605614124135617
0.1328295483237174
0.3206493021169339
0.31400620831721615
0.05896338041201432
0.3712456614022732
0.42270565039394414
0.17977728509406665
0.16892509729061356
0.21964314141475527
0.10874077242068436
0.30674799822805776
0.9839872227497545
0.217565045847815
0.3643397336281926
0.3512777869079492
0.07280975283293423
0.22201088568601912
0.694281960608125
0.1794955656192636
0.7177540200399583
0.2503223000235024
0.18318319347935008
0.09895421413389416