
 SPSA MINIMIZATION 
a, c = 0.35, 0.17
shots = 50000
{   'fun': 0.10388022251407125,
    'jac': None,
    'nfev': 541,
    'nit': 180,
    'njev': None,
    'x': array([1.89255066, 1.85177695, 4.57548542, 4.78638321, 4.30908737,
       1.40728515, 3.25299166, 1.15929153, 2.27924425])}
 

 Best x Found (Tracked by Callback): [1.89255066 1.85177695 4.57548542 4.78638321 4.30908737 1.40728515
 3.25299166 1.15929153 2.27924425]
Lowest Cost Found (Tracked by Callback): 0.08916217916563174
 
 
 
0.8908025864362428
0.8894293883231924
0.891540708839931
0.8891778796610155
0.8898265147428271
0.8896437368744008
0.8918888324950028
0.8899413500682202
0.8902398039491211
0.8896678986278127
0.8905744344523809
0.8921719780918621
0.8912365992159135
0.8900793642969548
0.8909474108060552
0.889696640204926
0.8917666971521283
0.891368800547087
0.892482839010929
0.889875244783043
0.8893929408962314
0.8899072611536081
0.8905901375300624
0.8896304222248841
0.8895797543339119
0.8902833243217813
0.8968091432347884
0.8919507251239364
0.8923042175849895
0.8966381058959491
0.9068842638227892
0.8893715452019698
0.9529951944897841
0.8089912239592688
0.8354591357472609
0.7267745114794613
0.916637820334804
0.7630599382553241
0.8687114184816618
0.6578337115946635
0.6896481215729916
0.6967351549240655
0.6686003682796926
0.6851557362334743
0.6907402413537815
0.7144495339003829
0.6835741303390843
0.6582453657301681
0.7352585200325442
0.668761570135518
0.7470566129639771
0.5704271858685641
0.6063938983778003
0.5786651277419886
0.6130507392206048
0.5998406705973178
0.5612640811136522
0.6531796205489342
0.5743071887555813
0.5893912184347124
0.5866674891193953
0.578003680601433
0.6703165597135649
0.48193251958688677
0.5122503082524484
0.5527005992108434
0.49521931040973177
0.5024917547358019
0.5342471892709547
0.5305220206327513
0.5014375936016626
0.5227196089111061
0.5381348534212367
0.5013742119096202
0.5994124214966348
0.4347947196669456
0.4490620076577466
0.4118557416634301
0.4988796703302143
0.4327494537574945
0.34163995175840034
0.5463773728167989
0.3703394002526147
0.4106268873580635
0.44281879990023565
0.36092047502284064
0.42550121983408473
0.34386690579449597
0.3440725725836147
0.41681719688420227
0.34678198223918844
0.3254101290130529
0.39992119407709326
0.31941846404883967
0.3107718710530679
0.22281841796906798
0.42723913181607986
0.2429714431154708
0.5013478078227155
0.29626935857298364
0.24770328715963352
0.41150220698665896
0.2273772658674562
0.23767894311772775
0.3254962770687019
0.2259194491832467
0.20556767497866713
0.20700801478587927
0.23415496857700924
0.22048310358568657
0.33929562894211607
0.1841271277808343
0.174651327691978
0.23262592836638207
0.22298490858988784
0.17424164632719263
0.21590016112669796
0.2575986319582316
0.17575576230118062
0.23082775954373502
0.17079339548633488
0.17021175836697944
0.24539126747017337
0.17942920023317088
0.16292345048810042
0.24219020479492825
0.2225442340562107
0.15120729530667276
0.24807151122950089
0.20930692697211462
0.13114430520738674
0.2721720941830278
0.25844624916120884
0.14163839346310925
0.30859623818695536
0.2199942159185334
0.17973817907922263
0.23010771631040072
0.29103484301063764
0.17224642125080825
0.20635195935001682
0.1711255753805
0.13880601757168598
0.21339791592530433
0.18635543696597212
0.14779932638075988
0.3563241074528074
0.3078513876603123
0.1636566911524845
0.23026003287821384
0.2041750640310308
0.1379533535169698
0.26836684858081694
0.2243331349663773
0.14705268694083184
0.25867044102241
0.2685515731579533
0.1321830427122026
0.23313519911458824
0.24754582209340492
0.1420758608862358
0.24217726720914423
0.21121197567135952
0.1549419952746457
0.3101675718386697
0.24250453239587244
0.14164206119529166
0.24323012614678896
0.245602249670532
0.14017270625797362
0.29569829290778316
0.44258278845569
0.2437542719371777
0.19021939042467728
0.17472988439564763
0.13705609740236813
0.21639180816699233
0.18356702175749684
0.12359512142390106
0.2288101843482333
0.20900784835132924
0.1285279226252064
0.33877655856108924
0.24413045699141867
0.16589874885322864
0.26769812557985595
0.265157214803332
0.1349285182009159
0.20336371854517055
0.15435248886242814
0.1379902037302727
0.2368406138797342
0.18525191057541734
0.1508397418089874
0.2549660269436831
0.30983433850290665
0.1508779971445786
0.276635623100828
0.3175735779572172
0.1586255185076807
0.2673321789518939
0.2121183965515604
0.16266906370973844
0.3110273841281227
0.5037719517378566
0.2407881305232089
0.17376743191518462
0.2480471392989828
0.1596507469532894
0.28874205200737346
0.1656186927172062
0.16217817007299085
0.21584387542240513
0.1854062124793422
0.13823409724739166
0.28924187123086753
0.20159920525644992
0.16323486378200458
0.19247757243415675
0.26290580566345756
0.14072720203942102
0.1848022807111913
0.2301256850117096
0.13220585906076943
0.34678369534370646
0.2534876571070446
0.1725921606335885
0.2677897928663815
0.43202291885531774
0.2108565532256611
0.289919760829801
0.5208539042256002
0.22622660167754216
0.2879723605132969
0.3220361373390559
0.14099972255119952
0.2394469550886077
0.30241587747976817
0.13743183801693304
0.2487044553172908
0.17033654012750354
0.1442907972922567
0.2757812910616878
0.31493953232351013
0.15410414989580912
0.3504938319447831
0.24053116376888561
0.17525183965576485
0.22978746234716563
0.23320156123903835
0.14677234545420625
0.20152670597032973
0.22611251866604265
0.13665590284079032
0.2270100392174167
0.2961144560956902
0.14197107139973097
0.3428641540284655
0.23806571588137648
0.171454737082117
0.15790113180578635
0.17617312502294846
0.13473602970418852
0.1955592706760737
0.20500883165658912
0.12100713410264197
0.19636858233135202
0.202571927143968
0.13166864837406078
0.2753641662265587
0.2601634390602815
0.1425056241665814
0.2420122409964638
0.2500650760659082
0.14334641988900287
0.24106870374143674
0.28211313753768363
0.10919689684830547
0.20385044450028666
0.27950463294596994
0.15181727064745731
0.2974095470180761
0.21119577457629246
0.14561345968577943
0.20416140908317437
0.19331486841818413
0.1308665235754466
0.418843911330238
0.21554283971609578
0.16065639349030392
0.2941540203856696
0.6503005715936669
0.22814280450206548
0.4047962029085207
0.20629686113062407
0.16932516835436418
0.23355620744327643
0.20085641264532883
0.13336673276792999
0.21089825975385068
0.28515524106104406
0.16040440724939942
0.6012701363954454
0.29374933184329155
0.22166648110055298
0.6433658625880655
0.29039471484970325
0.2228542734690473
0.19621554400843022
0.32279647913569953
0.16850139603022796
0.479356504551143
0.25463926396934944
0.18666280417073533
0.26135675946229897
0.34873192611058124
0.16063145089514896
0.17446567839030402
0.24722056141527404
0.14543025801480547
0.23877814753232152
0.36707947164624666
0.18170898040117756
0.2499923295456169
0.3813493206344988
0.19799565136067276
0.2739315526984837
0.20100770656404343
0.13782888609269628
0.2323082079808816
0.23239649518543815
0.12766584476860932
0.21553214463884318
0.4630397885570674
0.17568451495110438
0.2112278498995105
0.40296765218945974
0.16759420829784188
0.13007357488104287
0.20013382340844765
0.12916603791010883
0.2624965316080453
0.31506815790337506
0.15007380937009884
0.1749478983381617
0.14638603097521463
0.11075600835097588
0.42137039993156944
0.22530731871591214
0.19239712054314717
0.26343200531081223
0.23025890304069963
0.1061597584888414
0.21870296642225096
0.18541330628689523
0.11180316198132145
0.22123452585055337
0.3606533306269155
0.16460894719073305
0.44520007453476873
0.21152647162295823
0.16836460202805947
0.28156447319649835
0.25405929399276117
0.11668183493078288
0.37767544569882316
0.21506357110957475
0.16275892488210797
0.21511996265933875
0.3743520046944915
0.18016426329062563
0.6271206732898815
0.23579842903015014
0.190328456640669
0.4096273400637549
0.2112583643505478
0.16333330079917052
0.21381125097427933
0.14895090231004704
0.12208415860391697
0.20681648513805062
0.3449444436943975
0.14645124037979484
0.3773304952153267
0.22877085246936524
0.18332767717130527
0.15623401609710552
0.21214865354723866
0.12910355136007012
0.21071356582704825
0.43246015346123334
0.15833964081382446
0.35824856948799844
0.16894478877703756
0.15059464940264378
0.24088417944839335
0.15337612786325105
0.12860915409598395
0.25496521708699615
0.6373168413302248
0.1882381566451431
0.4243458354905437
0.21725163236178124
0.1662537541839324
0.20257198575390745
0.42528919395812725
0.18067177416575353
0.3704443276495736
0.2392031610207832
0.1929999064857716
0.351681664439779
0.1817623519456103
0.14641905888787365
0.2294455296900919
0.15637581465521322
0.12424645373142829
0.6484619803157989
0.2597178469757403
0.1909701831385633
0.22408741400724885
0.5146681490429725
0.17382079748796797
0.22714325418744352
0.14129318085359976
0.12640208655644625
0.2226844177204591
0.2615927597155766
0.13931973264452424
0.41984638315003575
0.27387015357448496
0.1940465222040062
0.4446630418485482
0.21920453751011448
0.18384879135984955
0.27311708951102787
0.7076499902255763
0.21245938002087783
0.250768175037295
0.2016923587883731
0.11532442638405771
0.22273043118157698
0.438339703533287
0.17205793265324576
0.6678831565183856
0.2206127659960635
0.1830468222349363
0.21592046097246909
0.39281230698266567
0.17679118190780962
0.21436556823482433
0.3945331250173034
0.18099251737796462
0.25074026715562714
0.2498722779775301
0.12024589064040803
0.46260624095809777
0.2544269425305766
0.2063535637804974
0.20330587997032645
0.1437020988121085
0.14030681943992185
0.33777340784003185
0.2608142899917475
0.15292021271881207
0.6783545151108845
0.2621916581626611
0.19076886044929997
0.3420289113701037
0.22206979989018705
0.1790913628104953
0.4309491243413587
0.28039106680638326
0.22594959982317908
0.174626236661085
0.21446617587866434
0.12382357296079949
0.6619115994927232
0.252012173898039
0.1874652012252166
0.2688926280045074
0.682912592114067
0.20535235609306368
0.19850155748475617
0.36640020817040564
0.14460383353774042
0.4497031947468306
0.21378935661950438
0.1670475459400741
0.3625839037707551
0.18021325382205577
0.15871601251735745
0.23400710160672455
0.21303296612816447
0.11718248422671751
0.6547758442337474
0.2524991176429988
0.19799824120901688
0.35478718127939857
0.2187494347288802
0.17982673558239737
0.2356511591789714
0.43385078351281103
0.1853809127558479
0.3319664922349769
0.22344185301191954
0.18441906480783954
0.25357971347442065
0.1957812712844036
0.15943510927901983
0.13182400608031108
0.18452314752056054
0.10753598032499734
0.23381458332754812
0.4771699819226918
0.16858557840191946
0.30437440410129324
0.13571845431588536
0.1037497963270263
0.2233602078328658
0.16420033873218187
0.1286943520882643
0.2013179161347055
0.20829227864024846
0.08916217916563174
0.22165530418024437
0.39640870782174475
0.18322856046628155
0.2736374216747366
0.19456058821613542
0.12807597846738505
0.255165170388728
0.2049009127249778
0.12740154490618216
0.30851716685455777
0.2524184530500567
0.1497566805046685
0.21569455595973241
0.19367105397501405
0.10107988987773775
0.20716466532662747
0.10896096654098142
0.09178563046057664
0.6244758641358644
0.31041115069122016
0.23944516676148775
0.2354563262668612
0.3605563258116862
0.19869715073052197
0.2864134616168369
0.600451630634349
0.22187556905946582
0.2872078189284507
0.20319516340557364
0.11302866442016735
0.2797649500929724
0.3890917102143596
0.18816160542878946
0.26794502018717337
0.1993994486614762
0.14879192117023865
0.2351456477857079
0.22362960466951565
0.09986511500547679
0.24432765642519527
0.3424432258808606
0.17690598710855798
0.10388022251407125