
 SPSA MINIMIZATION 
a, c = 0.35, 0.17
shots = 50000
{   'fun': 0.14855180681467672,
    'jac': None,
    'nfev': 541,
    'nit': 180,
    'njev': None,
    'x': array([5.83061892, 5.15072559, 5.19513132, 3.0125309 , 2.38744772,
       2.72474469, 3.98689693, 5.40929323, 1.51987578])}
 

 Best x Found (Tracked by Callback): [5.83061892 5.15072559 5.19513132 3.0125309  2.38744772 2.72474469
 3.98689693 5.40929323 1.51987578]
Lowest Cost Found (Tracked by Callback): 0.13488086058915527
 
 
 
0.8751925566233612
0.8802323615851565
0.8772029995676558
0.8799114296936849
0.880460457185366
0.8771515497744328
0.879175153040087
0.8770305529771296
0.8836900669915778
0.8830676381907111
0.8793900186163509
0.8805735256887158
0.8753118282494895
0.8794782591044834
0.8797753879382522
0.8780568402146556
0.8813816098950026
0.8803763923660689
0.8814998920023848
0.8794973442748952
0.8785960810534416
0.879523422798125
0.8806308538624674
0.8817088841146801
0.8805854421281307
0.88035059186589
0.9109288400567138
0.8627055920187167
0.8710291565581617
0.9296660601924276
0.839544887978338
0.8533673158072701
0.8328277310092789
0.896075261894446
0.8395939067853904
0.7755348457397756
0.9121290839964974
0.7986187731383098
0.7991862070806535
0.8407140698029675
0.7930065322644841
0.681164124986185
0.8615228021828264
0.7203879004281702
0.7325638273349384
0.7155444192241156
0.7220444562305716
0.7600228975321996
0.662068748574027
0.6888904137495633
0.8241892898404296
0.5906942827409046
0.6060337876426751
0.6862635678115687
0.5857025658078033
0.5912936022935957
0.5512626533655554
0.635493178035199
0.5672813161166401
0.5669054485541849
0.6437829980028109
0.5554615089963593
0.5689406222954295
0.6305150197382898
0.553665534243962
0.6356263792317077
0.5323440398988368
0.5219141223382532
0.48205329009566333
0.6696296807679201
0.47949909090296294
0.5263116224458069
0.4648704183823803
0.4698204834943648
0.48981678487850944
0.4969463012763341
0.4671780521038109
0.5222474862964185
0.48567312870858914
0.4574739494876051
0.5654419324985325
0.46708221920349746
0.4524655026969858
0.6222590542143042
0.3582695454583018
0.37827000237691644
0.5111192388871233
0.4192785813210964
0.37344948715438864
0.3955355134626063
0.5834742286506538
0.3767018593098803
0.3206641659872105
0.44698009635817604
0.3321792283783087
0.42741116667595347
0.35799773708888427
0.33020580182976356
0.37480425022798114
0.41182724207900046
0.3279776937673744
0.26689882101359563
0.45784528005225333
0.2694273220348691
0.37857734732915926
0.31998028224361097
0.26876635200168864
0.4226077122939932
0.4003817509314713
0.2796872415368459
0.35215364138369976
0.2816077465264121
0.25218689472856515
0.29260711651461624
0.30650026637259165
0.2669248889333521
0.30624746572292394
0.30382021087986133
0.2634687938978193
0.3551368580716636
0.27992335760628306
0.25447444422041077
0.37832748254873694
0.2954515496076542
0.2570176050798608
0.42320364589510706
0.2250273250996998
0.22605613071889574
0.32067998958576494
0.2386845473015763
0.20667051784909407
0.25488855130439314
0.29417420202187905
0.20889912941976163
0.21591553534042895
0.282989881655239
0.20589585383024256
0.25736737767970574
0.256029489517807
0.19561586260446817
0.3228469981039006
0.44970356321028127
0.27166270818493554
0.4464024161970417
0.26930721104272737
0.224768477101551
0.44384387915207624
0.3363959793861523
0.27549042766827847
0.2761059661997426
0.25956872873121684
0.20587603750576589
0.29880210174942123
0.4934171951927405
0.2542271676125155
0.24574759843399807
0.2742697414899655
0.19819922428973868
0.232593046475154
0.2577006285234965
0.19804993616670563
0.2679692227351017
0.21963791057600013
0.1874705171317108
0.30160333025534636
0.27284555432265756
0.19392382028428157
0.3295933928883199
0.2710972808493932
0.208349852656182
0.32610830161945603
0.3761701097146992
0.21812327397468356
0.3396642438995231
0.5758563990402863
0.2847967841375353
0.28764639294524885
0.4335436825738824
0.24532452257955784
0.209454025105257
0.22405747613017146
0.20140661114629843
0.20420775148282977
0.2523454599800732
0.19324438016152767
0.3165844998171389
0.6368265698262991
0.26082226326919555
0.29685115024520736
0.32204978522418737
0.20427653004770896
0.6141501269256232
0.3835773720482155
0.31413977742044696
0.2780453900626795
0.3018485747521973
0.21170874485057523
0.27345733041001596
0.3173916396737618
0.19774808607829508
0.20009675085380374
0.23420964571789749
0.18710506307647223
0.2875871610175331
0.27097273017441204
0.19852110711255755
0.21918595675894104
0.2402816313930004
0.19904373543761822
0.2693308516553793
0.28991981673082345
0.20595011710002142
0.33256778137244924
0.4025746146188063
0.2464661488683526
0.3334199169837978
0.28028680407568063
0.20809555916739375
0.24640843226629305
0.2576836210184338
0.19522562819848777
0.30380851760793826
0.30857176637771777
0.2061754306564838
0.3068214415394227
0.2400459424102348
0.21180489714449668
0.33489350856131594
0.22854669965991448
0.20817794829337155
0.20923427799452654
0.25681200270657656
0.20394945560072109
0.3040782642071195
0.36996009811404296
0.22246104142686196
0.303682636127827
0.23859416257880484
0.18056456318128045
0.24619073228370736
0.2600359351536189
0.18282526806827604
0.3147891033090463
0.5192477131433799
0.26903857930649533
0.2609980391394947
0.30509205705685183
0.1881615388910809
0.23024131100263967
0.21824543419733522
0.18467212977067293
0.2182431810115204
0.22283362640846005
0.17845158355284296
0.21010616065551724
0.24233611862257076
0.18866019794054278
0.2293530545187279
0.19842850833776626
0.18927168795483074
0.27941704188807215
0.4700304873170954
0.22571792320663842
0.29086621174218286
0.40411845605018004
0.23643157543675608
0.2758771700465583
0.35595845695619566
0.215620635528875
0.2982067604645776
0.25281548410451204
0.19532249846089755
0.2475294883741912
0.21365451734522545
0.19021988397057055
0.19614782134377895
0.2457755621069878
0.1931007919114669
0.3511766680018751
0.46334299003985446
0.2652862508972684
0.254737190749288
0.34059699807418764
0.2084756504350852
0.25651486952303226
0.3516302005173889
0.219652631206543
0.38098429969142267
0.3098485334003308
0.21198594294809026
0.2581795169767206
0.2826642123468569
0.18964503417992018
0.33990348733077
0.2505614436488248
0.20961456560929592
0.3756997914305309
0.275360500716723
0.20957889064222335
0.30296393266088584
0.2852704408976797
0.18052039130476438
0.30755143514460503
0.31637651071244655
0.18235165364883787
0.49042457700814435
0.2790205599745801
0.24810771382871888
0.21777666087675251
0.17131527172558214
0.17960779045548947
0.6830794822826785
0.37614919067295916
0.31199601130452015
0.3529229721287508
0.4125609037787823
0.23295462290171043
0.27731485420908975
0.24771200709199426
0.17239101066792628
0.2167698261774641
0.19053842375555474
0.18151465902287955
0.20518571964273824
0.23941620663388952
0.19101725018962035
0.28008195223963595
0.3170147603196144
0.18179153597223063
0.5233058418884401
0.2994006088887461
0.2520947386787443
0.2466412259237214
0.22357932204524755
0.17520465546433994
0.2375212099489976
0.2170517048404551
0.19466500735987324
0.19964956963279024
0.26327835225739493
0.1706402442289665
0.24314714040939478
0.27100845493408576
0.1904154573659428
0.3253346696372723
0.5035603251299077
0.2632036869915071
0.30366097603146713
0.4803434882659273
0.2539035940135316
0.2799800253428242
0.4159963001570852
0.23845490035804007
0.24768525175762912
0.26172238614547283
0.16748467557232716
0.3907915561732076
0.3183085201171856
0.2049726110780976
0.2416774104733359
0.22409198784038098
0.1711333620411598
0.23064971185526095
0.23604502745119793
0.1591868433064072
0.2516063138218302
0.3509738754324161
0.19551705163111022
0.5097441434231416
0.3792816357514499
0.3037567405961006
0.30518304467293766
0.2547902264149914
0.17991530718513637
0.2445647675633178
0.3643804230807761
0.2088250026998666
0.2291178333457422
0.293121152398929
0.1911050137134619
0.1882374741796501
0.18645862582216544
0.1878053675842759
0.24509716081160482
0.34063081187702315
0.18523925114699913
0.2380816940654814
0.19355348125524774
0.1763602880562134
0.25730423220562393
0.21870630381884082
0.18417920229727935
0.2595213266441704
0.2012163923284308
0.18509022050422963
0.2432166279810093
0.16455331250235317
0.13828057923492942
0.3669081852463686
0.24613135170015432
0.19537160214528393
0.28157085860383835
0.2702053688135698
0.15168287767693944
0.2786211524462996
0.31728747501245735
0.15833501981552
0.5625106885377971
0.29469397773414885
0.23384203536301718
0.6135056336471945
0.28250218137222194
0.22864118799816024
0.17152910580209746
0.19798274290675244
0.14690846510863442
0.30131370188362816
0.5446454873672447
0.23892788817610333
0.2926587241857356
0.26732326668441775
0.16405890060544726
0.43213625250059506
0.3371721497399671
0.2263920319392524
0.1877016745871859
0.2704089029002483
0.1633024611230226
0.6819649099802101
0.34919460087654863
0.27513396751139463
0.27110753553695643
0.4504526072186149
0.2093619392955911
0.26862331945493
0.2615526530024136
0.1624265472887365
0.2389474115792961
0.21182321782385982
0.1401832968337242
0.3287867990915675
0.3088081615904841
0.15184067720915173
0.35121769618917265
0.5271958237884742
0.2571905287324957
0.5305437962474076
0.32486363622740555
0.25715929833217666
0.3604767637717994
0.2838457136850405
0.17166300036892934
0.2239618364817061
0.23080111083983623
0.1531793813533625
0.32505198912114397
0.2476078282171268
0.1769977729311376
0.23116394262159934
0.26520882956241454
0.16201894324496013
0.34803470320012
0.2717718203082361
0.18793029310131015
0.2883130471744858
0.23376048549332618
0.1714727009258209
0.29419944052419356
0.29818436457104935
0.15513036436253935
0.38036707930983016
0.794752267232815
0.29051707423840356
0.31731518633457667
0.33511199738743536
0.15051712371558423
0.3015398082501525
0.32453820371582187
0.15634865867944192
0.19416686403786065
0.15267962325671125
0.13982432363261765
0.19681781724923453
0.2169037825421134
0.14577912457180164
0.36499836075287617
0.6466720118397757
0.2839117313190499
0.3976984712366719
0.5198015970684856
0.3020296237443111
0.21871011504720117
0.29591729549484114
0.17059829518430947
0.3443688666628626
0.2356169650994716
0.18817256443396013
0.27096097866358704
0.2395539075708315
0.13488086058915527
0.2580685847500265
0.2868555169329835
0.16578108302488526
0.3568349370013756
0.2834310966348881
0.172190041384223
0.2989016142897617
0.19593657511115958
0.1662771470615544
0.19876909844142376
0.19827573010773214
0.1411346358208161
0.20226801200015754
0.12498627120444372
0.13907455697349902
0.26329279825074436
0.24623709614810407
0.14545247882353385
0.28307513045947763
0.2976714516493838
0.15904139196340883
0.3367814537478441
0.5436403891923962
0.2719483022989404
0.2107119372142624
0.24095856451262265
0.14074049807659184
0.3360933268749594
0.7623169417871167
0.2752037091931685
0.2429765964583439
0.2405925856139588
0.14810198456840118
0.23884863610306306
0.37531259270570094
0.2097543976365941
0.39533383549243484
0.29632373721444394
0.22417920708394035
0.18281189397045094
0.1836814364941477
0.15373795620601727
0.18148775091872626
0.23121930168580673
0.15475434064545446
0.37287545437110114
0.2517757337185559
0.2036220747520181
0.20360845038982778
0.20327410971763127
0.14327807568368045
0.6643964863016536
0.3577383480253251
0.2791641323373216
0.2753722997785609
0.2390937679987547
0.1585038820681549
0.18570336613608618
0.25098508482459925
0.17510289581142335
0.23340064807204441
0.2196844482498208
0.16004604349247253
0.2849109048060875
0.19804328463627396
0.14324669781573351
0.14855180681467672