
 SPSA MINIMIZATION 
a, c = 0.35, 0.17
shots = 50000
{   'fun': 0.09533881989344806,
    'jac': None,
    'nfev': 541,
    'nit': 180,
    'njev': None,
    'x': array([3.15156632, 1.66859351, 2.77538343, 6.30943526, 3.80111335,
       4.71594989, 4.63599636, 2.03044558, 4.20261928])}
 

 Best x Found (Tracked by Callback): [3.20304074 1.66799654 2.75999175 6.29698631 3.88042841 4.63663483
 4.63659334 2.01799663 4.23105689]
Lowest Cost Found (Tracked by Callback): 0.06508838144947138
 
 
 
0.8739091509828913
0.8793839030039077
0.8802246887676143
0.8825325885138944
0.8767939644579691
0.8730215999888573
0.8750873992423067
0.8713092884840032
0.8823963656436502
0.8755359291682694
0.8824860122000964
0.8738771042521085
0.8723982800535675
0.8855896326835209
0.8774728278099155
0.86919891061919
0.8848101801818367
0.872898362494496
0.8857165080209576
0.879748426561777
0.881618226469871
0.8854220881153416
0.8725665765861945
0.8765913835178398
0.8803327530512858
0.875254576924947
0.8803459795253816
0.8762108711296486
0.8796741115467482
0.7403847169556219
0.9832566305146488
0.7832776727185004
0.678087117541045
0.9491135635060903
0.6958288712969118
0.7712014865124444
0.6541831194146277
0.6621791104356232
0.7209975872893714
0.6202865034863072
0.6320447209831493
0.5334011117368624
0.7626021948324483
0.5574223208246121
0.6210261928360898
0.5938918341713351
0.5608074532819167
0.6252869413497897
0.5484317754072483
0.5531181082460163
0.6250729505094268
0.49815944362034315
0.5093376732389472
0.5104860885115763
0.5638184392828095
0.5013547427288292
0.601759888783078
0.4480149466736467
0.46337171472162775
0.5111994692223796
0.507460619756407
0.4612319279938474
0.4899150039570155
0.4518596391994396
0.4643988102532043
0.46365452623140446
0.49844126961839597
0.45245925951462984
0.3676549404360042
0.6424653297398004
0.38675352830276355
0.42777003100784516
0.4004150278352473
0.3752292558515026
0.4327329784991222
0.4058889697283775
0.3800176416129124
0.4291826802178952
0.3444379160926486
0.3650672262080935
0.41023359180281593
0.4057980335627993
0.36096004220340594
0.41362779145315487
0.3389500565193282
0.3522412700767198
0.45563918223034794
0.36544720737825387
0.34727820615531013
0.39122084385609
0.3491371509946857
0.34503325266034357
0.36624277024019114
0.3491228656421428
0.3380320239093402
0.3582128909166794
0.4096370531352782
0.33697764581905343
0.36174480190992053
0.31865350417747085
0.33363510523737006
0.33805947904918476
0.3862080394745545
0.33097765139058555
0.40245582490197307
0.30103000595349927
0.3042332989101818
0.35716067319391254
0.2878640110694215
0.2886172811437199
0.35562110716514994
0.3566599580890525
0.29758771963677666
0.3474635189326257
0.28919020978648646
0.29237214052193783
0.33578586566580426
0.30147693212366655
0.2830984399935069
0.2823577148156782
0.30157514277162145
0.2781763924355636
0.36735538299547654
0.36994814396768394
0.2734687548425778
0.3211532041049031
0.3593833126035222
0.27275584045918955
0.3479605398619878
0.2634516911817856
0.26672319546529444
0.2825491517697476
0.30515378070431076
0.2684725583176478
0.3505277605672966
0.3018216415605032
0.2654428044925088
0.3151071240858553
0.3116454877533338
0.25840285264077034
0.30211322988607703
0.29038905967395956
0.26767370504224575
0.25891756557696755
0.3181706008330242
0.26070911739851044
0.25880327389380064
0.31701945703625
0.26108868722632317
0.29742083395402796
0.298777894814534
0.2517768095503786
0.32221676445177005
0.26195188495648924
0.25017424038264857
0.2914010667312712
0.2890979375165691
0.2446350125843182
0.33493146257312856
0.3071116914593728
0.24804671544412493
0.2874885278542597
0.2998596020742994
0.2453024413397492
0.25506682917555157
0.27795697648917506
0.2466250759066747
0.21747274156073093
0.3131532346102416
0.22030703740121904
0.20992152617494741
0.24227250544901047
0.2274584738315194
0.2920035681415394
0.3044942681669368
0.22557399851191007
0.26687116309388703
0.23444942833663274
0.21508285335290955
0.23298599211946924
0.263807310507123
0.22169611677452594
0.29771406266560463
0.2831450432171492
0.21428135961862094
0.2613805293330266
0.2778935145277055
0.21166483782980516
0.2449040516784331
0.3189367474968591
0.2109100983098725
0.2186708005378133
0.2609945245144101
0.20111647107933617
0.24933395744535336
0.22332016477779393
0.20268354666588906
0.34918221746907263
0.2892922123193784
0.22249371090104786
0.24470215677830442
0.29166323391056026
0.21305626858773352
0.24223439404327418
0.3074034862341084
0.2028641197822545
0.25207196215441774
0.2553882148157983
0.19351268613991335
0.30406650249031564
0.24304542204469026
0.20383647278663097
0.24601100940004572
0.23914234254429456
0.19366676534884175
0.23151788595700407
0.21059988949523922
0.20215395665754732
0.2742044155136507
0.29255598160881735
0.20829011873620662
0.30474536394938856
0.3185524082137995
0.2117344515789431
0.3012341406470874
0.3210015106567802
0.1961737866554808
0.378524630158118
0.3697342829225071
0.20906216430718239
0.23572659691111886
0.25672813047272436
0.20508880234157711
0.28754895093389365
0.28545571388573
0.2056895025188782
0.2411023370972577
0.26016879321924447
0.2061926295435098
0.3505719835097748
0.2699499670017341
0.20817121333867217
0.22938378465459752
0.22476735306353013
0.21578601293515942
0.3809693596737036
0.2380041111429878
0.22401738013130534
0.2763597429705834
0.2153717147618045
0.2164633698860211
0.17065578248676871
0.27575882550831243
0.1735332882335393
0.3511853839878659
0.24242353110240944
0.1998915140565749
0.2649616919269965
0.18137473701509776
0.16774558948323326
0.2675912404025531
0.22709938447902578
0.17761866463843323
0.2231193010765129
0.2653660453341503
0.17048693150182737
0.2881600841545493
0.31590015758921675
0.18504499652086026
0.219902436882633
0.34267259404833095
0.18812543155035133
0.3139157060509373
0.43627185024677084
0.25856004642755825
0.23121745462943977
0.349332736567886
0.1986922065314708
0.1984258416968142
0.25360313061900164
0.1688391996501475
0.25978352200462107
0.16473521996336882
0.1527745407562896
0.20097587161670583
0.2128093158906349
0.14883388432598554
0.18618228936822978
0.34142000798731287
0.17444147268886434
0.20302956224589708
0.18676105587760572
0.1491194270360554
0.27815401068054235
0.2368205674709074
0.16842390480997615
0.3316065077389059
0.18736091694306523
0.1558479562017332
0.25006789365502147
0.20600103157557115
0.15301083653622394
0.221767540246413
0.24561505361234526
0.15563555859459288
0.1636739040112699
0.27824432788072395
0.1272572485449629
0.18158538231604415
0.2817103011764952
0.14434541739242757
0.3358142943929935
0.1976672458159786
0.15713542926335167
0.17023334035394166
0.3218761208095702
0.14087463995257166
0.5241906626378491
0.288876517211726
0.22727813000941277
0.22047985799536018
0.32827080098026595
0.19296334123683312
0.500691899759979
0.2573888660330983
0.1728085428323043
0.18497633636932476
0.26610672734525753
0.13862969134391523
0.17171019059451753
0.23744275745477184
0.11977637926454632
0.3084281582101487
0.21398628699108568
0.15559700251189967
0.5842974674497455
0.21120928696414953
0.17233814736245834
0.2867148106117059
0.22042567626826215
0.14154111680489756
0.24152355875178122
0.2171415404973852
0.11177037314870208
0.23591651046627427
0.23507766712254752
0.11192007096502155
0.3337137580452506
0.4885247346608306
0.216305906553381
0.28816833836887057
0.641309753225405
0.22010996077023048
0.2246615227869545
0.5508927322492354
0.1744837420926486
0.36501761865202953
0.1898870792239895
0.14419634963823902
0.24080521240684416
0.3867601404614254
0.17432921751591302
0.1925801318843946
0.3869038113887716
0.14232372691062778
0.1093028958869997
0.22409340545192558
0.10490079320544532
0.12189381747448624
0.19892484185952752
0.10941229216494863
0.31730599208191523
0.6890519469674921
0.21599446233794217
0.2241945480806269
0.25235410018736293
0.1105359820702928
0.38500903455309843
0.18672122582466721
0.1466487058200655
0.20762387336400612
0.1772598614230092
0.12378894725434952
0.2616578210416033
0.28140458453015016
0.08427803916802323
0.20481009095601632
0.3366568261527433
0.15446789117675563
0.1393322949584741
0.22988902906140674
0.12205109535300185
0.4157446518575366
0.20830498979130563
0.18656062876878732
0.4202303773658538
0.40585306839488855
0.09109029980478611
0.20960179583297034
0.17282157989029068
0.08152035088463694
0.16963124822817843
0.25411301039670564
0.06554663054788612
0.36606620927529354
0.6591308089460985
0.27943999938727004
0.20540877963751636
0.3831826660690698
0.15634932695961068
0.15396418405037116
0.18203769655297197
0.06508838144947138
0.22044267813577212
0.42164165827919264
0.1487518031958116
0.4431257007605154
0.3536409796942678
0.2037093650668862
0.3216942284170573
0.42099925799872706
0.2165316517256003
0.3188740053846729
0.6576931318446972
0.23311959943930838
0.13757856114858735
0.18665145893295565
0.09276901565401918
0.19373389646161487
0.15589118107850009
0.06930615821213226
0.24299867887528082
0.4620561590733733
0.18683843457037363
0.3390643832988435
0.6353536576002714
0.25505360383567255
0.4761482729111328
0.2608017836407367
0.19880219606705896
0.2444779059917941
0.23128278924065704
0.09387779478823777
0.35990345956270164
0.30025330481811696
0.13459293029546826
0.28976054575936083
0.5410787613180994
0.22297006379634499
0.3249521882355223
0.5967816117868326
0.2543173017544399
0.4794654899014875
0.24216972445865848
0.18525734946929284
0.324464583543984
0.4002980337955948
0.16216973435010051
0.15849642139053155
0.1661932894117648
0.09753398301972382
0.24019626754029244
0.23052200752058005
0.09879188707380815
0.29245993432405715
0.5469497902907783
0.20864737100977604
0.2106720501421
0.26566834053460864
0.1187227751217752
0.21892906167218384
0.3214743720294748
0.14380767972008246
0.380761101316223
0.4653746763874588
0.19842485705776036
0.22804218015922184
0.3585013935898872
0.17149627629248598
0.18775427403836054
0.20544451432443833
0.08180803883649768
0.6287967275332057
0.3507834316239524
0.2587438679218945
0.14732077883365124
0.1861654345044208
0.09530488711664886
0.12050277456448621
0.14327541893816131
0.09816097337816221
0.2404717731030631
0.484683601841743
0.17878825666302745
0.24822650718630423
0.3463016562087804
0.17884716649954036
0.3149803342904022
0.2799425629868596
0.12861380073198148
0.5707817449026791
0.3374897657197452
0.24578179184224969
0.14093141951573807
0.1255004355821112
0.09536269368190797
0.17918165768243088
0.23895315093646763
0.12458914568160961
0.3214149350719291
0.3276653990265149
0.07563457072681812
0.2076338857748825
0.1816560616515488
0.12266395099183225
0.3543044070682623
0.29420251417070953
0.1168464256819074
0.36212226548073223
0.26290400647816115
0.1761650485727594
0.24491480262759624
0.31850694516701994
0.13017782548294454
0.3429822076233857
0.2634808441855988
0.15436206208435477
0.191395383670507
0.17293394581799237
0.0833199888074787
0.5717936307895308
0.4000435853089993
0.28896080192461915
0.14462857447216537
0.13762513237590968
0.11000094286985007
0.15853671739583308
0.182363047364129
0.08755123125430997
0.20626484912567578
0.2197874443466311
0.07354547279021362
0.22714077348328765
0.17995026556272287
0.09382038664930936
0.6345581739442563
0.3875086243306497
0.27382195509838814
0.23424087189934328
0.430627115209842
0.17643107950403503
0.186647902957925
0.19242680803550694
0.10580980429279019
0.2169163301095094
0.1917136876121842
0.11022695009186301
0.13378061664239405
0.18584162880496713
0.08608609687971858
0.3975175774070667
0.4223156053037801
0.0702831479328857
0.3604944013742917
0.6371296257282337
0.2794998272875737
0.09533881989344806