
 SPSA MINIMIZATION 
a, c = 0.35, 0.17
shots = 50000
{   'fun': 0.06876100185957779,
    'jac': None,
    'nfev': 541,
    'nit': 180,
    'njev': None,
    'x': array([3.08929018, 2.2765274 , 3.46660942, 3.16559379, 6.06037881,
       4.92099085, 1.89210719, 2.67832475, 1.5941027 ])}
 

 Best x Found (Tracked by Callback): [3.08929018 2.2765274  3.46660942 3.16559379 6.06037881 4.92099085
 1.89210719 2.67832475 1.5941027 ]
Lowest Cost Found (Tracked by Callback): 0.009235095660058978
 
 
 
0.9199432302864637
0.9201546131468654
0.9201458629772802
0.9179989594056118
0.9185288502939492
0.9239115604754647
0.9207580256386058
0.9214255156854817
0.9225572472820084
0.9169561708018886
0.9209302528982015
0.9219176386030429
0.9179885583118853
0.9214772498954253
0.9190983628520083
0.919187138588858
0.9208858116538318
0.9177499639654451
0.9210843587902785
0.9195960273212505
0.9189010352343077
0.9253104498547117
0.9209948985097713
0.922249341448507
0.9177660585602614
0.9208202661073861
0.8870248176296974
0.9713660469405723
0.899402817723226
0.9590344736603315
0.8386846841096536
0.856158572429524
0.789916480642462
0.9188642975003463
0.8080254944953105
0.8681263481718617
0.7744786067129834
0.7821250087197421
0.8308011751939521
0.8039355159299364
0.7868844240068349
0.8692604813657255
0.7172637073174495
0.7380277158260418
0.67505542317096
0.8006190073215573
0.6958024735925652
0.7409719865249467
0.6617941636304968
0.6721158116517465
0.7628247745581693
0.6463920435732371
0.6481201130171046
0.7393889279638051
0.5701715606797411
0.5935276823675919
0.6089319409706085
0.611808529918187
0.595694894350395
0.7019886045874442
0.48277949361705474
0.511435664108828
0.6013729060677881
0.4528848210128096
0.460617402887349
0.5406578934305931
0.4954322376497613
0.46544708382005806
0.5837747407551956
0.38328548604835533
0.4006549896036953
0.48709118808226837
0.3854449665480906
0.37539644420447893
0.47372727927498504
0.3270163160052709
0.3331730847907449
0.322067228730308
0.5048022400346558
0.29092839635252266
0.22159185937829395
0.4846000304514282
0.22286035087489142
0.2075775080630492
0.33984641637051805
0.18259976100915853
0.8272250478634499
0.3719754986034267
0.295078288071731
0.3177583396558813
0.34379208906498027
0.2019352663087446
0.2897841709969916
0.21352021210344696
0.19326038042763438
0.23047287569290964
0.23421198715901148
0.1933247109857087
0.288671012065186
0.4600878097891604
0.24071460699653335
0.2879355636187816
0.34568690725126505
0.20420183981579465
0.7486688869431349
0.36765377004677335
0.29922339580226787
0.42159772608043133
0.4690661934913597
0.21121313578742917
0.29000148046419005
0.29432589940643084
0.18088938612251249
0.37049299816655423
0.1694514458102655
0.14762877154290766
0.25930601782963314
0.3329883247166533
0.17629670737230707
0.3321968275866508
0.28080577050636446
0.17282906153665034
0.30919014845663373
0.21991918261201238
0.12396267930005245
0.40951372316458023
0.5478425845273508
0.2997988174082241
0.3742266498514377
0.4390516015456629
0.14178500078974698
0.24615301443045767
0.3233202922708456
0.13232363768912203
0.26132781051529475
0.3929167170741308
0.19952324365190444
0.2446724307093372
0.1295028661607418
0.13686451099020036
0.44288385270841624
0.40093748129765083
0.18893146628559265
0.2177590374865468
0.4330875333521762
0.15149016607870325
0.28284140852507256
0.33618860822109886
0.11917743380094659
0.4041773564965663
0.33178085296201776
0.16059482923557178
0.2590936218733205
0.31338379554674234
0.1306835301690904
0.2085261173870746
0.22022289762601877
0.1425283816520837
0.19114294712212898
0.1904570668697193
0.14682046253280068
0.30818910359724205
0.23230664358505348
0.13248767361657343
0.24869741936195655
0.21846382575733403
0.14274920309423678
0.28915362545931156
0.4411270128095993
0.2246633027692354
0.28670383073774786
0.21541500080298392
0.15652165160561904
0.3559652424417199
0.3491639952511816
0.13608579582830882
0.37605204170786544
0.29898446138610757
0.1820478924856248
0.294713101306036
0.13736601467276965
0.1026025597710456
0.22202873380440147
0.2972053121493161
0.08894195214612843
0.34163611360943835
0.3207299550430447
0.12246767834697969
0.5067432615833639
0.33713592664779546
0.26194411696387987
0.3892863011996933
0.6934304666841484
0.3177103393275623
0.208263311777372
0.196073610451029
0.11199780938740134
0.270083013892052
0.4405617652046747
0.21379995873588997
0.6365354586216543
0.3764768398900612
0.2867092239572179
0.18316666869967257
0.26174178436212536
0.06828614488965945
0.4720525131021799
0.6529239739465613
0.32558507259702796
0.45207840958565826
0.34362638984660565
0.2330314528293126
0.46686132412212467
0.33293924855959134
0.2431116430020286
0.4809249622092836
0.3022402941670723
0.22389712633016168
0.23020508674150186
0.2071147361193324
0.1198694341111648
0.05702273068223618
0.21661198082634325
0.0510328024994261
0.3002262952275583
0.5264238852211885
0.24400131010681403
0.19742863813662825
0.18573788741116548
0.04987441194542319
0.38204667556680083
0.31907962578753
0.11804708792996133
0.30452627144884536
0.19653742849944056
0.13262848601379462
0.43709032072440546
0.3421333183589117
0.19040525116752494
0.2645095588262447
0.19517612246550176
0.07047959073528798
0.3123635436887745
0.2857118672926613
0.1025296715526367
0.485853208491703
0.2718897466749731
0.19493697425003298
0.18224165592609354
0.15102140402484354
0.05835803737977907
0.4018226988372341
0.27725671030577603
0.17838477653125218
0.38298959259055076
0.43589436031928386
0.08533204347344259
0.34018821736601756
0.6142824598706067
0.22368498307239015
0.4938336791093336
0.7546051776335316
0.35354710194711014
0.08761127692906256
0.14595297954024833
0.054594551243507095
0.7507534130186991
0.4981854196924017
0.3677990102840417
0.3790224119759452
0.584083111812531
0.27818963103754
0.410360304054763
0.3288830040178027
0.1361111075026512
0.6232569731233129
0.3809683738758174
0.25168417423657297
0.16863264862127447
0.2503878862083253
0.06453678952090436
0.3463537979234409
0.2047235191195973
0.1674984654218864
0.2217115271384028
0.18353970894916816
0.03748044768729164
0.6888439746196273
0.4418882764365718
0.33721874666096296
0.44385594767572434
0.9826742593944033
0.3268859526008785
0.5764249270613377
0.5080270977775083
0.203065022264316
0.16742693021203503
0.30887578131901794
0.11616654206697208
0.24148500545021256
0.7666491496866626
0.1965331655990351
0.39711171107834164
0.3593320224887845
0.08066182724221627
0.10700468941103358
0.1668808096447879
0.045621975660326775
0.27205561951527146
0.19380230764611095
0.09543779626322269
0.5043353980646113
0.534849396730839
0.08281646027758982
0.7384663865558341
0.42695133036880595
0.2998901369310373
0.20961172462268418
0.2520928460185202
0.06526511049217942
0.301626924463247
0.6556209684151382
0.21487641387984246
0.35348248647641534
0.3341654276947854
0.05534076723087933
0.4295892635442433
0.32952971120683405
0.19358250833600854
0.18823085986845722
0.14289642462697205
0.05350065568073803
0.4142685495833671
0.45830550944898873
0.1010625795642186
0.07651867372585897
0.16586390500314308
0.04750362528094365
0.26018999787123454
0.4757073774185915
0.18041877769402825
0.1602248617593225
0.29346656790939873
0.09644680952268836
0.6420361699952903
0.3103094298254203
0.2244600908756741
0.1847193642023096
0.5029143060980477
0.12941526375405465
0.18841807919131703
0.36797006091669127
0.14438416231819728
0.2959825603903766
0.6643785197507657
0.2180574686240051
0.8347229507882733
0.273662539903441
0.1980779562471735
0.2685366276126079
0.15556135622035783
0.08439519812501306
0.19796887018656728
0.10034722886910008
0.08584531606351442
0.7392233607753924
0.3860600369914581
0.2838376081398235
0.22435540809807997
0.2879291253825119
0.13555453364893577
0.24366369239255337
0.5984349558107471
0.17761616726738483
0.40116442932619256
0.4082747137236552
0.04899236351051839
0.34855600237454776
0.6510466367613053
0.2604375684717437
0.44402471860407977
0.2745915909422534
0.17553191239456423
0.1936331468012995
0.4995569765428203
0.11983814591012787
0.4739315063512948
0.4151745318317751
0.07807925686326378
0.2570668847098937
0.48332191493386734
0.16315710636914027
0.37682679943798225
0.6100293440774698
0.2829417454091453
0.3054719978168112
0.6441679871978638
0.21056316008915288
0.15349097816071944
0.30181139962504555
0.09878948379706132
0.3854449440289951
0.16784287148923693
0.12250736383728067
0.7175184770157146
0.5305720485374922
0.3623357481257691
0.988327345013477
0.35404103091489403
0.26256650382055235
0.4003996393836241
0.65096819588134
0.26160543011551385
0.3342149476439791
0.36179100998128866
0.07793084190670663
0.5175715594240151
0.4313814636242782
0.20391925713973902
0.5820128410190711
0.38457613472802066
0.24953962050847578
0.30682806376385685
0.15810209706779355
0.10249030212567645
0.8800524758092345
0.32897005924127254
0.252886903436801
0.16675576357861865
0.15020195671043457
0.0561910464782458
0.3188415010089025
0.4777846169955261
0.18999939144724942
0.2885454587037827
0.2282166445121825
0.10188154439573005
0.2850473994061745
0.3644312654268934
0.1318040121685573
0.2710359485339431
0.6448830889441597
0.19731059070886847
0.28631274137631
0.22716235613231606
0.0917380541259819
0.36839348623020285
0.4963875383985563
0.27392769943698025
0.40364815703017576
0.7367436574909424
0.283042029589874
0.5044932484646281
0.30303132299017255
0.22203810116665135
0.2702093290002431
0.2119853643470342
0.009235095660058978
0.6883187074132822
0.2696268255027403
0.21340627425691372
0.5421572248483206
0.8739037667229355
0.42149310222467007
0.12768991186968925
0.1884706718128285
0.049001135607191326
0.29942702394334586
0.18433767527478107
0.15852614119334008
0.5907922320756513
0.4244182856505805
0.3150110574384489
0.5322275816942372
0.2468800935044697
0.19571421501167174
0.3866883122521676
0.35284522626743786
0.06229102979914458
0.18868444607223844
0.23243402399967628
0.06599876797714554
0.1584854410613622
0.07836123217637014
0.07149707174261621
0.26598139455714964
0.22284004425169512
0.09492092620506143
0.5182213591196805
0.912307626618336
0.41391623803750954
0.5752374560991873
0.7066133629821394
0.4398140855802529
0.9273896942637672
0.4216356655844594
0.3342813765457521
0.5433815050003612
0.38053581396279057
0.25567079646897306
0.5630387787719966
0.42321716282015454
0.2918247048830448
0.503021024261397
0.6919515688537073
0.39566270744834
0.8914556444420423
0.5223054080271854
0.4073620087657571
0.5097158507717756
0.3315786691171865
0.24176206329375205
0.3836218846665377
0.299105242378523
0.14255008271860514
0.5381994192994553
0.8663313983652948
0.427954801377763
0.1560582075830218
0.25383769384038635
0.13279521575767617
0.5410331217394768
0.3692596505978981
0.24740723568058454
0.12788095892201146
0.22082182010696372
0.10125678876598043
0.42782149775169276
0.5517588834884719
0.32486159080339183
0.488441478980003
0.32830915245248804
0.23634697222409495
0.27157672919315123
0.32507682264281224
0.11700536070471579
0.4263491409427753
0.4971058050250148
0.12205213166773843
0.6971269898584351
0.45380824737330516
0.3617112965301019
0.4425879717667801
0.3337878204518948
0.24468234828160884
0.4227870019643094
0.32187315471460876
0.21372248125980642
0.8073631302635749
0.4820553991780355
0.3742292457994494
0.3410352857254231
0.49394599017745233
0.23749235976634397
0.2458337561418098
0.27647204249100754
0.09736172158475864
0.08635260779215082
0.23361956269975903
0.05500797927900236
0.308272866393541
0.5878412891822091
0.23074813412677886
0.2591250978429377
0.12416716303977537
0.10468461091829528
0.06876100185957779