0.9328071357215219
0.6196075
0.9382532881869744
0.623617633574544
0.6492703813731084
0.7291696709491349
0.7301425667696222
0.9193320172708884
0.9995057541468433
0.495004115143729
0.40626141495052936
0.45262729023875115
0.3881664188255378
0.44914965745360036
0.43588335980679305
0.6132709540900821
0.39870172121246983
0.4246347171829309
0.3439914870751626
0.37159053131044495
0.3850695580316059
0.3960234853538722
0.43590580912200527
0.4191999051517572
0.417272546251931
0.3601804054151313
0.39389742669231
0.39298932407661835
0.3973945333269332
0.43536394418611046
0.38379276138145824
0.3807713733557526
0.3842539639085564
0.43110999950111184
0.4060186370533512
0.3598495031030481
0.39960309118163195
0.4095066162479639
0.41363762281072636
0.33798317410215306
0.3905518198996891
0.387510986608682
0.38235455958539455
0.43108891697092866
0.4048564821128442
0.37264678627471104
0.3978781814637754
0.3894983311273523
0.3658724256616229
0.41675128570305353
0.39630983310076384
0.4032851449502628
0.3848513492127017
0.4161011109443705
0.40286706988459964
0.37338683579979437
0.40586280660075635
0.40688430772172346
0.3769571916239003
0.4101514260511614
0.40571887903391124
0.40986365900832256
0.379243190927646
0.3915198632271968
0.3825622855304548
0.38641147078546856
0.3689943936506045
0.3706205373220124
0.3973971688998845
0.36739713132667573
0.3570363147558697
0.3814785726488892
0.39838753867397403
0.3873331849740268
0.41218992306225644
0.392240645467401
0.38299669640757283
0.41716527955174687
0.4182316146967787 
 COBYLA MINIMIZATION 3
shots = 1024
 message: Return from COBYLA because the trust region radius reaches its lower bound.
 success: True
  status: 0
     fun: 0.33798317410215306
       x: [ 2.299e+00 -7.150e-01  1.433e+00  2.441e+00  5.293e+00
            3.514e+00  9.978e-01  2.162e+00  2.451e+00]
    nfev: 79
   maxcv: 0.0
 
 
 
 
