0.70850054602091
0.5589177462731036
0.7214009929203407
0.642791741761071
0.7176060523602199
0.383267268779115
0.6247638946028288
0.543720824450489
0.6850097839058404
0.43742847167928556
0.34312994975730227
0.3494500639667115
0.3697025928508515
0.3175340804536868
0.46220766216255205
0.29034951264640785
0.4771471659751245
0.3913823527697473
0.45189490685096145
0.3885712003510178
0.42146455139673045
0.42349261886503076
0.3698066189380279
0.28148694256578255
0.2817402265936255
0.3184363944575471
0.2359796736018811
0.30826584265029333
0.3519441834043986
0.3136776276722092
0.30004003411446345
0.3261311342232256
0.22556337172383567
0.25430857946286245
0.33297346425165164
0.2841250948188673
0.265735644583482
0.4348854102524632
0.2842221201665177
0.3311357194132676
0.326184530237581
0.2798146092614464
0.29207662503539744
0.3088640865540666
0.3375510391766642
0.24781149933386326
0.33296213375951067
0.35719435540910727
0.2635030097743166
0.28316829661096077
0.27868101323983896
0.26472873791113816
0.27586347232032493
0.32650234472813466
0.2588543757167432
0.26936755400519186
0.2396804013844679
0.24683341080340537
0.266444585755814
0.3323764568229789
0.374440725967513
0.30097318635994663
0.28945201080730387
0.31501325169073313
0.32806930521239464
0.27391606646871525
0.24615388808139527
0.28093481221330285
0.32588714313606393
0.256065629269959
0.30766932746136766
0.3201468867578233
0.24273197307493433
0.30787861261389526
0.3321596390770979
0.3211684844896088
0.3145876637243735
0.35725685057323
0.3383130287707308
0.26794655458279804
0.2103781237130503
0.33435231727182735
0.20541807185643335
0.3125303201811126
0.28622356199641896
0.25748282787165244 
 COBYLA MINIMIZATION 10
shots = 1024
 message: Return from COBYLA because the trust region radius reaches its lower bound.
 success: True
  status: 0
     fun: 0.20541807185643335
       x: [ 2.629e+00  1.473e+00  3.257e+00  4.909e+00  5.967e+00
            2.239e+00  5.552e+00  4.160e+00  4.494e+00]
    nfev: 86
   maxcv: 0.0
 
 
 
 
