0.9873211799181674
0.8413139822527589
0.9348491641076175
0.8343730660251432
0.8385142871757744
0.7950935531742935
0.8208398736295257
0.8257651586983003
0.95248326852011
0.7392825258093263
0.610762357772802
0.7371944927447669
0.5192207647363574
0.40828350074619335
0.6521101183283301
0.44854627939931446
0.3957315506737038
0.7896942965107628
0.4902360669241399
0.7575209170737971
0.4521049930761515
0.7961125873876445
0.4369419776588862
0.49440877310913967
0.3966216514985851
0.43463089930524823
0.4541414418524363
0.4120665747095066
0.4417381939213162
0.43041808558903283
0.4911906394341802
0.45943850110760853
0.3994889251618895
0.4510211255176959
0.4319465004737092
0.41013634765417695
0.47582507542805075
0.4641901271625519
0.48327465395776326
0.48312629931347906
0.4265915664700545
0.4651500818875818
0.4712647946572869
0.42817044545368976
0.4938729866177376
0.4242732045018075
0.3991157759756746
0.4526978055385845
0.4383001973950401
0.38124977125219606
0.5075648652522937
0.4388319654245416
0.37668469645373426
0.39050805928137267
0.3933937391277337
0.44080357727911745
0.42776486720554285
0.4433013835352423
0.43040021058486977
0.4145897094522394
0.44252810076373783
0.49081627056933175
0.44013103762675687
0.45991446391886404
0.4382590735640526
0.40723507386744573
0.44155265089309825
0.46619101280955455
0.4462698058357678
0.43331557386415576
0.4576285658223965
0.4231265030920751
0.37646497649524235
0.38569480661223343
0.4563525642907469
0.5124583265025778
0.4615719892479354
0.4036717781723712
0.42688005196304846
0.41959208709551743
0.4090631691732618
0.362037686544154
0.4476709273941345
0.42019365856921986
0.3881641079039133
0.4458236550221951
0.44953314292776625
0.4862161541957877
0.4310544474903111 
 COBYLA MINIMIZATION 9
shots = 1024
 message: Return from COBYLA because the trust region radius reaches its lower bound.
 success: True
  status: 0
     fun: 0.362037686544154
       x: [ 6.151e+00  4.274e-01  7.719e-01  6.085e+00  4.024e+00
            5.383e+00  2.296e+00  3.288e+00  5.148e+00]
    nfev: 89
   maxcv: 0.0
 
 
 
 
