0.9085992132867133
0.6723004566686921
1.0187334432786204
0.7178857620094723
0.6820448107059618
0.7568831694080643
0.7753011749358283
0.9188161588733431
0.9832160953523637
0.44611021599302225
0.4657752438899907
0.4807915548990668
0.4582939437640826
0.510466599214812
0.5507228357480985
0.4981456326362783
0.48462859790142476
0.540791052256373
0.49304291274757617
0.45698813179516984
0.4825441943964841
0.5162005589269721
0.4815701683095638
0.5205906219378911
0.4933322188468243
0.4989662008133764
0.5411942059981294
0.4999338730701517
0.48368045600041365
0.4911560570682285
0.4998637285757622
0.48578774183126305
0.4866294789890734
0.5086248491012011
0.48523519335276044
0.5232684595184537
0.48762356505102045
0.5071716779398718
0.5301684965893458
0.49014969922409635
0.48829160736567123
0.5257924844539449
0.5209372344694109
0.47815086356718783
0.47318945043433347
0.4813082497846479
0.4895810542510799
0.4534085079039337
0.5512505139802633
0.4834292433947158
0.5082686354329173
0.5129913963301334
0.4847509597410351
0.46118854587558145
0.5016613045993565
0.46632198438354566
0.5000912890318147
0.5217058360958338
0.49694647690386407
0.5135352749673001
0.4920850331706573
0.49396539218857016
0.48737103917760904
0.5255567272259727
0.5208625857805552
0.4504945046281923
0.469855796540782
0.5156257510286087
0.5070389157471749 
 COBYLA MINIMIZATION 1
shots = 1024
 message: Return from COBYLA because the trust region radius reaches its lower bound.
 success: True
  status: 0
     fun: 0.44611021599302225
       x: [ 1.779e+00  1.808e-01  1.558e+00  2.339e+00  5.330e+00
            3.658e+00  1.433e+00  2.431e+00  2.342e+00]
    nfev: 69
   maxcv: 0.0
 
 
 
 
