0.9105814209824501
0.9625957646035109
0.8930328618254714
0.9458569257786698
0.891569443338377
1.0067439054319371
0.8860967816026891
0.9400425893216755
0.8221022167487685
0.7234280263830719
0.41161522498497605
0.4446114864864865
0.39737992082801543
1.0550336111684557
0.4247340680298175
0.4085030032248893
0.5396590637925549
0.7291271891215716
0.48530044230085356
0.6011909680041447
0.43136225044539955
0.46196129833919264
0.5686851689671086
0.3875818130041828
0.4494353120119732
0.5010988280681985
0.4279619948308271
0.4800599500105426
0.48150293969124236
0.48933384693399906
0.35927588704665103
0.37522028127566387
0.4962797362337843
0.5609139525177477
0.4849002583957721
0.4427525370988844
0.4082492030887769
0.4678499698336086
0.41212756440839704
0.46371219241285044
0.4448875884084016
0.4781821320461075
0.5139060104195707
0.47596465487035744
0.4290608281089131
0.48306704991632343
0.4052500105289759
0.46474769237327707
0.5054332430460697
0.33461429195804204
0.44692670658943223
0.36944586061125895
0.4259704178973761
0.44864465570400824
0.4569499444817753
0.4032420110460192
0.4991162512913223
0.3825380447228255
0.45040861176439406
0.47904148792001733
0.4909570208222104
0.5242493680654975
0.4785037190778282
0.49563305252725487
0.35099100471427613
0.5771242942335961
0.4436180713467667
0.4553501645191379
0.4498147908174025
0.5352211879953654
0.49987901483349795
0.4290282870860427
0.4543669734589042
0.45886502903166193
0.4580005601792574
0.5233901251311133
0.44825950144766935
0.39795777999628534
0.3968732613889252
0.3581855893855803
0.3964362782097559
0.33853169054551047
0.44786702243899745 
 COBYLA MINIMIZATION 5
shots = 1024
 message: Return from COBYLA because the trust region radius reaches its lower bound.
 success: True
  status: 0
     fun: 0.33461429195804204
       x: [ 1.212e+00  6.268e+00  3.275e+00  4.678e+00  3.737e+00
            5.687e+00  4.489e+00  5.038e+00  2.696e+00]
    nfev: 83
   maxcv: 0.0
 
 
 
 
