0.9353383031413943
0.7997894752332941
0.7522293756535321
0.849894373148698
0.8766143639325711
0.6981072094156826
0.7950193958002054
0.8231877577893985
0.5930408643663927
0.9445140685859441
0.3975696452765959
0.6713014092021372
0.41595865153300804
0.4221349882596671
0.6094233164430822
0.44307569011229153
0.3916944254813013
0.4921342021293691
0.44131624903947475
0.3996326758446226
0.3780984753298047
0.3783092101739798
0.38483607091697347
0.38381747180609327
0.37983802160629343
0.3778844463582264
0.36209987261018195
0.35638955843314357
0.3588268956634044
0.36451748947719487
0.380126810057015
0.36670409388913994
0.35342637624355755
0.35282284710416745
0.3483514050229348
0.34713970767211566
0.3452647159444957
0.35960412779952233
0.34543098946528616
0.32733800480489716
0.3363903734613336
0.32723514258370445
0.32499569156014907
0.31800650878728687
0.3096741064874674
0.29675090462280684
0.2929834118667146
0.30404698271060304
0.3078195532318867
0.30530102983431107
0.297699158923903
0.2971159133215905
0.29677439057285293
0.29660888477040825
0.2888049143548159
0.3058354951452098
0.2947033574527529
0.29351052069888717
0.29584042158597323
0.2916940761839547
0.2982636068846013
0.29747647228831264
0.3042265798357944
0.28711156164484
0.3058846239903512
0.30101501088277094
0.29905118049944135
0.30206116744083344
0.2964944518867735
0.2974731108683226
0.28306407069578243
0.29682259293413726
0.30011067380671286
0.29987130047350696
0.2963769015810449
0.30052054476027323
0.28658730525092513
0.29925326065321156
0.30223600939859263
0.30399026315025224
0.30036535893725014
0.29299034357450826
0.29671933383032
0.29076279533043325
0.29738488314303935
0.2924625735752703
0.2907630696900053
0.3016640103998698
0.30320305806161607
0.30029937315426924
0.3037608168879494
0.2899528623654223
0.2908731018458286
0.2973654798375517
0.2924225762211127
0.298892588622497
0.28802298774151824
0.2975688910552017
0.29948867786950506
0.2960462506302107
0.2973430521410352
0.2990982143997677
0.2962457460690985
0.29072458498109754 
 COBYLA MINIMIZATION 5
shots = 50000
 message: Return from COBYLA because the trust region radius reaches its lower bound.
 success: True
  status: 0
     fun: 0.28306407069578243
       x: [ 7.079e+00  5.304e+00  4.643e+00  5.335e+00  3.363e+00
            5.297e+00  6.901e-01  4.818e+00  2.156e+00]
    nfev: 104
   maxcv: 0.0
 
 
 
 
