0.9633131203110347
0.9707269205666216
0.9457894466573759
0.9048623372183213
0.9767847604109915
0.6667562928792219
0.5309042051174497
0.7959714830264673
0.8664178938963805
0.4956735630871607
0.7304629726147019
0.6414903867890407
0.5157642031756816
0.6029096379123664
0.7817222467822357
0.5422351424193169
0.5238078908599282
0.6425075777821538
0.5430954065877509
0.4470469110023042
0.5070530351041552
0.5715895608206776
0.46279179427616435
0.4951026202388408
0.5823036706887201
0.5130500932043245
0.5103859684833987
0.468993656112183
0.5358282954479519
0.49498973295068993
0.5135963530059061
0.4304273271435397
0.45444461405915426
0.48277020007124205
0.550035114629668
0.5180654235730658
0.4070323767144455
0.49959791241960494
0.503113133127527
0.5188530489680154
0.5450369179262058
0.530915399187349
0.5174476626162057
0.5347955509041302
0.4999798545871432
0.48429077302442947
0.4251357646687256
0.46162608740827793
0.546650382228074
0.5642613284197477
0.5555916526681135
0.48553870162074086
0.468246084686775
0.4994649554299381
0.4396686793687983
0.5254550774804754
0.48126514083543204
0.5012296341178732
0.5373078244247637
0.503323782234957
0.4980674645305332
0.5411672098365039
0.5440584372625124
0.5135605811730977
0.47371960022158965
0.4898900769070156
0.5013609805807773
0.4701175397317403
0.5334768748611728
0.5287281424994617
0.48460840764512103
0.4802820969036017
0.5077067548340648
0.4152879145111603
0.5968901313530219
0.5830475188873627
0.5078963875128852
0.4850100365912875
0.4462652142806671
0.44668253131754065 
 COBYLA MINIMIZATION 7
shots = 1024
 message: Return from COBYLA because the trust region radius reaches its lower bound.
 success: True
  status: 0
     fun: 0.4070323767144455
       x: [ 1.699e+00  7.013e+00  1.197e+00  4.867e+00  5.891e+00
            5.937e+00  4.024e+00  1.243e+00  6.408e+00]
    nfev: 80
   maxcv: 0.0
 
 
 
 
