0.9792617498543407
0.943358079448406
0.7784388868343195
0.9505876851542596
0.8100020513718837
0.8453771095615368
0.6662737337695797
0.9616572858685719
0.940138949072186
0.6813438510794343
0.3378084943955382
0.48440979602787715
0.4862424083042236
0.4494611575704225
0.3425623756879227
0.5352490327743616
0.43628643944564427
0.5737053927942501
0.5070756595717563
0.38884555493717987
0.2588591794444852
0.3026597670283746
0.28637773979018355
0.29689485350987044
0.29506055085748606
0.30808117682566716
0.32028968998531204
0.3051345092928802
0.34404575575926466
0.28996728824663776
0.32867708130574036
0.2609195176177471
0.29119566048427714
0.3034337124753519
0.31822206205442227
0.3397164463286587
0.35244688125715107
0.2420287159759107
0.25788432479005285
0.32089127297252495
0.2963420151696793
0.269106232307469
0.26667251718761753
0.30514823873803776
0.30720335577558966
0.26220714416480395
0.27025421768223246
0.2873714969924951
0.3012857627063743
0.2950761994835086
0.30505933572873034
0.30205211607338645
0.3155876405499223
0.30785954027664764
0.2988815160265935
0.2736689836062566
0.3394231597121521
0.2700322447461949
0.3246116565842373
0.2781173460461862
0.2755784010081084
0.26340573537931167
0.3272500860958053
0.3072669743567149
0.2714704974598552
0.2951861561437391
0.3476184310828969
0.306356834468985
0.2570574080529291
0.3302050152268273
0.2915021949431371
0.2891055398834408
0.26456578010722986
0.2691649468225782
0.30259322015188983
0.2832728900443653
0.259581096625767
0.22258878813527083
0.32224972305281374
0.25772380701794984
0.2813904489453095 
 COBYLA MINIMIZATION 8
shots = 1024
 message: Return from COBYLA because the trust region radius reaches its lower bound.
 success: True
  status: 0
     fun: 0.22258878813527083
       x: [ 5.091e+00  3.066e+00  2.823e+00  3.611e+00  1.513e+00
            3.064e+00 -5.088e-01  4.056e+00  4.271e+00]
    nfev: 81
   maxcv: 0.0
 
 
 
 
