0.8585125091222304
0.825447247812561
0.8806796351262685
0.7045497156017306
0.854707417397948
0.7570417677190988
0.8271404177071411
0.8661098593402978
0.7464391635184341
0.6437877740915687
0.6383939787634691
0.5764796287580027
0.9796415199878019
0.5479297646510768
0.720986017377743
0.572370457159514
0.8584326046618791
0.5439960330900314
0.6168711163018956
0.6005539168845441
0.4907870244398511
0.8653619075405351
0.7986029659771043
0.6259356028661835
0.5024919478500804
0.49581898947492387
0.437871181838849
0.47429934863789935
0.4364138337321204
0.45758351865971914
0.4379177642851245
0.44234212091060965
0.44693195697461396
0.4424374454760749
0.4530109272460343
0.449412129065912
0.4551959200580411
0.4621129538711133
0.45681962083920935
0.4473128324162292
0.4414181329230358
0.4562353880239739
0.44915536482509943
0.4497668637021346
0.4553296277569975
0.441282169173986
0.43540502589575225
0.43193239206035283
0.4501955506741442
0.44429546453958035
0.458084753490407
0.44009118724167573
0.4391369894830581
0.44533788631214033
0.4370681048188292
0.4329422191598531
0.4484751689613332
0.4500695394477576
0.4262386791068249
0.4426223402769819
0.4311501311160858
0.4314486858008043
0.44300291335915465
0.4432566987524905
0.4419872769805234
0.4259008326896463
0.4419246161803887
0.4361408830644533
0.4522990998289158
0.4528019438905371
0.4384219068042806
0.43907848181366527
0.42779527635484127
0.43810531532718267
0.44735917546853676
0.4312600132950407
0.44002992432392696
0.4533836328327224
0.43532619340839473
0.44451867778664755
0.431000571232967
0.4379727928318029
0.4373301837210356
0.43808770305824807
0.4448369171746409
0.4498077676152378
0.4501784278208968
0.4496017934847132
0.4310356973144177
0.4477883776312993 
 COBYLA MINIMIZATION 6
shots = 50000
 message: Return from COBYLA because the trust region radius reaches its lower bound.
 success: True
  status: 0
     fun: 0.4259008326896463
       x: [ 2.505e+00  1.172e+00  6.990e+00 -5.505e-01  1.347e+00
            6.068e+00  5.611e+00  1.487e+00  4.542e+00]
    nfev: 90
   maxcv: 0.0
 
 
 
 
