0.7134604709908479
0.6812289849947347
0.7030150493587337
0.941612070877747
0.900862796378391
0.6404800413651521
0.6783702471775852
0.8339130341017511
0.49455434372347506
0.6678996846384538
0.39298955408893865
0.9066745003435572
0.2171512725588094
0.5931766308125477
0.42788785298261467
0.47331076518778536
0.2824149273449874
0.27534017984462456
0.4199788857676423
0.5649890784546907
0.3134681170181486
0.2480269895895092
0.2097929867452929
0.17901465248091641
0.13972121024715556
0.1442425199657401
0.1657709600477716
0.14582481437309203
0.15713043463205445
0.16380096750093387
0.13897484937316784
0.15353678545738325
0.16832835605087149
0.13614581290689598
0.10899796775244552
0.1828143441245661
0.14536541123014945
0.13628532653860304
0.17900968667971173
0.15631463288866998
0.13526356680913765
0.11113578382702405
0.1510873406724761
0.09886370236922093
0.10293177218512994
0.1388225697971852
0.11553870295095814
0.10798442359330251
0.14377295773688226
0.13361887608211753
0.12061598734498225
0.1139242024100352
0.13889634495787018
0.13398030370086877
0.10952963909100832
0.1287052629689247
0.13248894728639415
0.13739184165190577
0.12222099109656093
0.10404874761162453
0.1271299205835359
0.11366717587526565
0.10523453014532647
0.12440856544347778
0.1498539607833843
0.0978976363558186
0.14065178293270264
0.1321698916534112
0.11545663007750451
0.11482867898534155
0.1240124902737797
0.11635752436813263
0.12740378078597459
0.14232691346268278
0.12059564770965447
0.13847419371498282
0.11062596199947283
0.1178589661599535
0.12796944869408577
0.11153430582509516
0.12374144760288519
0.12627434545042415
0.1050651869276864
0.11449593894463583
0.1275024702076849
0.13062353354416667
0.0883315869137351
0.11441645685391055
0.1237322424279067
0.10240403581664537
0.11508186602207437
0.11941024574942716
0.13109189963295054
0.10311633268200682
0.0986283982052445
0.11463637988580933
0.1244945993090486
0.1339908933898758 
 COBYLA MINIMIZATION 9
shots = 50000
 message: Return from COBYLA because the trust region radius reaches its lower bound.
 success: True
  status: 0
     fun: 0.0883315869137351
       x: [ 5.082e+00 -3.745e-02  2.053e+00  8.170e-01  1.695e+00
            3.786e+00  3.896e-01  3.837e+00 -2.041e-01]
    nfev: 98
   maxcv: 0.0
 
 
 
 
