 COBYLA MINIMIZATION 10
shots = 50000
 message: Return from COBYLA because the trust region radius reaches its lower bound.
 success: True
  status: 0
     fun: 0.24030203818897355
       x: [ 5.436e+00  4.272e+00  4.731e+00  2.349e+00  5.198e+00
            1.804e+00  5.929e+00  5.654e+00  3.607e+00]
    nfev: 126
   maxcv: 0.0
0.873290175891893
0.8409553785790469
0.7101932278293674
0.645525811111439
0.6774260507676495
0.5204607334691895
0.8226421116438017
0.5170802234890852
0.4466149180430147
0.6349230568760078
0.5613319604732778
0.5263715293174877
0.6720959920259733
0.5059256948914088
0.37484334974165534
0.3891967088420921
0.38797484120887515
0.38280760656048995
0.37590522170739926
0.3728987672219468
0.36687593287437803
0.37291400115327134
0.3725165508335653
0.3561415937088328
0.3593370792352585
0.3528670649856295
0.3582252416960854
0.3579129682287805
0.3528447230463967
0.33577906519345646
0.3226331011733431
0.3179820459605286
0.3155349492988613
0.3159156958504926
0.30916419292121866
0.3103760930048678
0.31315057422048864
0.29996058614101984
0.30906895129919265
0.2969445780564326
0.2900144228046163
0.2919813848470443
0.29619495463043766
0.30150427276089353
0.3004217761156147
0.3012198083607186
0.29973043099425734
0.28524829787164263
0.2927955723353102
0.28180932009083504
0.26782514480691477
0.27038960836867043
0.2695550787716712
0.272615703213432
0.2668565142171554
0.2667631649483595
0.2661296619725184
0.27675244496771056
0.2685043964846936
0.2685756431705073
0.26657513038495717
0.2586156032175445
0.26123610243466766
0.26714265013401806
0.25346805305440234
0.2573655495398153
0.24989112162704263
0.25735149068881447
0.25777192629511636
0.25799810119225486
0.2535842207203136
0.261394917123982
0.249297785927742
0.26291875132865916
0.24670265411569625
0.2467085621885371
0.2640634851392344
0.2547350256279981
0.24433225179255502
0.2566033235364851
0.2528705277373584
0.2430944975108027
0.25397532113570287
0.25198701966649983
0.2560976038045515
0.2563979217883334
0.25551468086951246
0.24986145587811537
0.24986943238759263
0.2490219944772326
0.24743617762179138
0.24956902154381855
0.2496063590071903
0.24973742270983312
0.259119778144028
0.2602853516511403
0.2502621473013876
0.25288682201495105
0.2530459080852887
0.2583904018316735
0.25018310893156837
0.24030203818897355
0.2531336511351834
0.24743955754116986
0.25014274738223063
0.24888277003419712
0.25436051175383845
0.2503812621033076
0.252814672235391
0.24682312386148186
0.2469906117088072
0.24448644173157574
0.2500779608833187
0.2526582409382847
0.2568745359615464
0.24745938753599594
0.24629493636505317
0.24860472440359593
0.2491342786995181
0.254065511712088
0.2549444996795923
0.24242623721991718
0.24970562528230134
0.24151157102564436
0.2528821745035683
0.25482415945345527 

 
 
 
 
