 COBYLA MINIMIZATION 
shots = 50000 
 message: Return from COBYLA because the trust region radius reaches its lower bound.
 success: True
  status: 0
     fun: 0.19889023402743544
       x: [ 9.137e-01  2.736e+00  6.275e+00  7.210e+00  1.563e+00
            1.330e+00  7.376e+00  6.254e-02  5.952e+00]
    nfev: 77
   maxcv: 0.0
0.6940877553009253
0.6472946546345384
0.7262324463461866
0.7175473192689756
0.5690286075074746
0.7049072691358151
0.6583877209573106
0.38365457902264277
0.41110119260617695
0.5227292214139169
0.5571116446663793
0.4307279408263419
0.4066908601749074
0.343584996332847
0.2964146653166678
0.2683275987719461
0.22982714079805644
0.2338476559121816
0.235355671182103
0.22935005008870135
0.2305333607267579
0.2330250814100221
0.22358752356055456
0.2297915073986695
0.23846350360580715
0.22752151717509206
0.2421520432057538
0.23602094167383925
0.2215411565630675
0.23493296860540325
0.21076344944401404
0.20946604225716758
0.21520303099123184
0.21187345047490436
0.20535368221583583
0.20907703380292975
0.21816833988642303
0.22450570499951783
0.2036875534815933
0.21373734506260555
0.21397499579312929
0.21011959233842992
0.2176609245564921
0.20132450437916982
0.2128694104990233
0.21786642282108637
0.20629120058213324
0.2156323667725467
0.21491403980174817
0.19889023402743544
0.21914754925556246
0.2096038094874958
0.20764942391012475
0.20895009318260294
0.20989727120127477
0.21585088505543804
0.2130508656819271
0.20953146902780806
0.2152269863188282
0.21442486478433542
0.22034145027676455
0.21237535773984495
0.22457339547511324
0.21431096951448847
0.21324491808796375
0.2174885676641357
0.21297184643501876
0.21944722757992252
0.2102907991447639
0.21587501034624235
0.21113342650397604
0.20701620570915835
0.21194143166853663
0.22470351739321504
0.22104416950098804
0.2212211616207569
0.21628160739340085