 COBYLA MINIMIZATION 
shots = 50000 
 message: Return from COBYLA because the trust region radius reaches its lower bound.
 success: True
  status: 0
     fun: 0.33696940275645515
       x: [ 3.146e-01  1.194e+00  2.646e+00  1.485e+00  5.471e-01
            3.278e+00  8.341e-01  7.077e-01  3.962e+00]
    nfev: 91
   maxcv: 0.0
0.9765357232002118
1.0011524250982398
0.994219253687039
0.9765043840780678
0.9695622161961198
0.9985770484156872
0.9962497482881133
0.9896505087774927
0.9823590129214849
0.9987562825617586
0.7056111382159573
0.9084969930364164
0.6796518444134833
0.8572318633262911
0.556676744080331
0.44651296642639526
0.6912818149787265
0.5789598970679942
0.5142565551728142
0.5038618671631565
0.6821976764907065
0.561865315437987
0.6161397402791621
0.37939371094853935
0.5551513373232992
0.4346226772750049
0.44757372771687687
0.3737448414586294
0.39783793312049087
0.37259332300055126
0.3729517043745799
0.3700147543734361
0.38149527747384304
0.3743746385990926
0.35791482292970533
0.3501627645606705
0.351399297050064
0.3425477171546406
0.363997817631843
0.3671301846306456
0.3496424300633638
0.35463087472797905
0.36086853496756566
0.3581540199362666
0.3564490575179077
0.351966643498842
0.3486775982941078
0.35573516877949396
0.34652193508015605
0.34694754503568903
0.3485600325198768
0.35063452101314996
0.3524732299605692
0.34735374277682085
0.363345663359509
0.3607146023427761
0.36075498178685417
0.35151306753001677
0.3544882367679192
0.3522762332830952
0.34061528092151083
0.3544785252027731
0.348751229099279
0.35306201668955917
0.35523608575485743
0.35201431675961925
0.35291200806063483
0.35874029095822546
0.3528162768598313
0.3564116177375315
0.3499515992719955
0.3490769530329699
0.3589169575708725
0.3508400324485105
0.3575149852387326
0.3588826818341594
0.3467278575748757
0.35168840364685383
0.3515174105546697
0.3571996689710506
0.3508098192201865
0.34054407452610713
0.3555728152634412
0.3505392488928808
0.3502768143673537
0.33696940275645515
0.34165029499190114
0.34993818745949223
0.3626623408045938
0.34969302499564336
0.35712745514517796