 COBYLA MINIMIZATION 
shots = 50000 
 message: Return from COBYLA because the trust region radius reaches its lower bound.
 success: True
  status: 0
     fun: 0.28097577426480147
       x: [-7.073e-02  8.831e-01  2.501e+00  1.522e+00  6.562e-01
            3.285e+00  3.523e-01  1.051e+00  4.053e+00]
    nfev: 125
   maxcv: 0.0
0.980185986107476
0.9992757043424779
0.9946821774892861
0.9764499896902132
0.9639075183684975
0.997118770629304
0.9984179539875638
0.9894794452284219
0.9820015494681623
1.0012395402632066
0.7347288549621912
0.9167407676218281
0.6900312538192508
0.8732265851076613
0.8411513132860221
0.4607940780001166
0.6218111544820162
0.6223633518954632
0.5241582771862556
0.5394151463712518
0.5798863408322422
0.4345349342610004
0.6841840122054585
0.5159950031750133
0.6655679490153172
0.3815674043962365
0.7809605201634026
0.39646163615312635
0.37301709130675276
0.4355320378691233
0.4159907055563582
0.37199059393367173
0.3643597082338512
0.35512272053027505
0.36268522794234714
0.3585403479202376
0.35344017541691886
0.3577613542496809
0.3605056686836725
0.3513421016913718
0.3692142852300213
0.3533703535216679
0.3550810856829112
0.3416882979674879
0.3353804913461921
0.342578053048747
0.34913208110753735
0.3211094608224745
0.307083524871968
0.3105846701011803
0.31258681254172094
0.3129257292204025
0.3092549961187565
0.31118319746981127
0.3043606653685901
0.3111451140995273
0.32275345240099795
0.3012750109578768
0.30116764674293994
0.3030629820776989
0.30024084005652985
0.3133646323592757
0.30220702361594887
0.319358205048867
0.30798279899752246
0.29298182324617283
0.30714665777904104
0.3000205774525415
0.291387132085986
0.31175237558004576
0.29423442458134574
0.2973017778253967
0.30791214267481526
0.294590065004949
0.2975552098798987
0.2950533384693298
0.2993109373776365
0.2931478991242862
0.29698860291982043
0.2967117128710103
0.2864415337296281
0.29291517219869834
0.30314758391386953
0.2864297753137739
0.29685031142627405
0.2983791140707803
0.3041493229628073
0.28097577426480147
0.3054580363368482
0.29617684310144665
0.29123975476874464
0.30267498143036453
0.2867673407470057
0.2922772386966471
0.29648895640541073
0.2964733342630399
0.3048424586607448
0.29826202008085856
0.30169277751283663
0.2888771725299809
0.29698016691356965
0.2868090834508842
0.28744384838893244
0.30762739809541817
0.2903865691980556
0.29623587650280525
0.3010256124918753
0.29547984618428624
0.29862120063996456
0.2984343762474517
0.29815617254989735
0.29743116111603385
0.29669339500790015
0.29975104276062614
0.3019077164226335
0.29909122634783336
0.2902989699027204
0.28839508781792533
0.30230669531969423
0.2923458938369764
0.2962999438446138
0.29423676869171456
0.2938967221242602
0.29553727300728994
0.296957239417158