 COBYLA MINIMIZATION 
shots = 50000 
 message: Return from COBYLA because the trust region radius reaches its lower bound.
 success: True
  status: 0
     fun: 0.31275840811488953
       x: [ 3.811e+00  6.757e+00  2.830e+00  4.529e+00  2.536e+00
            5.589e+00  2.394e+00  4.477e+00  7.038e+00]
    nfev: 71
   maxcv: 0.0
0.8981330307996663
0.9386648951608522
0.9981950650806044
0.9321871417070938
0.9105207494927534
0.6900557519224616
0.7412857930272998
0.8130799440724646
0.7643075499504817
0.4760246837574039
0.602966734102361
0.45184148348555253
0.4201064472374797
0.3696069871786185
0.35091616598841924
0.3599599517900909
0.35603197550684185
0.3272815645465219
0.32748879387924923
0.3239573490037174
0.32520482505524306
0.3171995445104293
0.3463898569919521
0.3391807738396765
0.3266892364501244
0.31508777185669345
0.3185588998267088
0.3244630097890586
0.31940332646596403
0.328611689385114
0.3181038167224667
0.32111018016678494
0.3243219165011624
0.3263644871955452
0.3266235363250122
0.3202788244822642
0.32710396552620125
0.323519276356831
0.32453233847917917
0.33231302087149117
0.32390109632704966
0.3258864053102243
0.3342390176330369
0.32750760280384694
0.3323926572542497
0.3196248547863271
0.31623816941714566
0.326174624355388
0.32623019667106845
0.3239650267014341
0.31643299505943734
0.3334344298227988
0.3241200721074088
0.3195266311250824
0.31275840811488953
0.331933758425181
0.32548082278494284
0.32225297083560256
0.3273162537313117
0.32413289401188305
0.3342005241560432
0.3391297315979549
0.32187704222717295
0.328650655308106
0.33533974211005446
0.3303213316325674
0.3305358187891386
0.3174136428419463
0.3211233235275499
0.32817841511286605
0.3198081827869632