 COBYLA MINIMIZATION 2
shots = 1024
 message: Return from COBYLA because the trust region radius reaches its lower bound.
 success: True
  status: 0
     fun: 0.13296383149167945
       x: [ 1.998e+00  2.503e-01  2.692e+00  2.313e+00  5.303e+00
            4.689e+00  1.401e+00  2.642e+00  2.421e+00]
    nfev: 71
   maxcv: 0.0
0.9157978885619977
0.6588082809569327
0.9865182898605968
0.6558002503699036
0.7726075961494463
0.8109435153994224
0.46159247084457533
0.6181599389833285
0.9705585092554077
0.3347193744191449
0.3733872948901922
0.39823820424031275
0.2576808551598486
0.24929566628982647
0.2581502479852129
0.27489207532632354
0.2691320041154125
0.3025239880453021
0.27929476427413535
0.1794766957544971
0.22967622744038252
0.17400805111446072
0.22899614257397338
0.20408237715329536
0.23115004502333614
0.2719375392004274
0.2572672324553915
0.21010868685233153
0.2674341117018866
0.23887433525846302
0.30673697692266266
0.20396846716071249
0.22047098583665936
0.2761907215621612
0.2142699082276338
0.2313020125679347
0.28819412238105646
0.2629992362201997
0.22596795192935037
0.24467898521192366
0.22181626902810325
0.25542739184934693
0.24356766250549944
0.2112646516683997
0.30866804992955266
0.18582207751189062
0.20222467202855576
0.2065798866712576
0.22095751470554903
0.19091815597440565
0.18251370116900312
0.27083066127886524
0.24885351867367544
0.21931375941726416
0.2022661080389666
0.22841035831687717
0.2563192440182479
0.24494037359737553
0.22747639876281045
0.178473731329579
0.23863702914167928
0.22059720205240074
0.2865314780972785
0.18707795758415335
0.23305843890085265
0.19863990009186971
0.18724624259709854
0.2519676639410998
0.24793895369735452
0.13296383149167945
0.21102867694357674 

 
 
 
 
