 COBYLA MINIMIZATION 6
shots = 1024
 message: Return from COBYLA because the trust region radius reaches its lower bound.
 success: True
  status: 0
     fun: 0.2577530112870621
       x: [ 5.519e+00  4.807e+00  1.821e+00  4.963e+00  2.602e+00
            1.153e+00  4.173e-01  3.647e+00  2.443e+00]
    nfev: 82
   maxcv: 0.0
0.8185595343539205
0.5870032714348146
0.6981517345620931
0.6716492600427927
0.5955479258858394
0.7536873630717187
0.5884335188527163
0.6974131234954934
0.7525347342451523
0.41724866823587725
0.374701466692842
0.5036992801047122
0.3041183086614473
0.3753295481582041
0.378020292555725
0.45678138827007275
0.4742280984764158
0.4101521894490645
0.40211198575604223
0.34981312855509294
0.4441959419689572
0.35146588608759677
0.3894900524235133
0.38671123514711436
0.35570383915889736
0.3962257865911931
0.37886373034647125
0.3624209623521043
0.3941657302873727
0.3307786780297586
0.35371662400524073
0.36641205939709853
0.38728261233645034
0.3481859920777818
0.39759667056074766
0.3226470623103187
0.4251981399485978
0.38013810377854573
0.3565434816804055
0.3265964240465946
0.3429344355055576
0.3076859263013958
0.36286620399577063
0.3513275473659888
0.3868457572781886
0.3512487403810922
0.38153752957772114
0.3319387335526317
0.3630774655627199
0.3656426866968022
0.2577530112870621
0.33214628606219554
0.3489092669061127
0.35882893029117446
0.32461995527719745
0.3706888546831705
0.3495305780996236
0.30052486151755853
0.3437225975012186
0.35260010670788233
0.36378330088217925
0.3222733698568466
0.38719501083309416
0.3595802421742026
0.32819165205692646
0.28274434391630143
0.29756296463059484
0.3169576642999311
0.3361738475244521
0.28869407376896905
0.3183271303543542
0.31064150039159244
0.3261084411612043
0.3268155672738603
0.3359053288272341
0.3041255055457549
0.30734861624311904
0.36425718627538317
0.3408979878388414
0.3306963464118359
0.39669149039504126
0.3754447602129367 

 
 
 
 
