0.684016504062894
0.6829786442370314
0.49510099396416374
0.633488294143699
0.6979266067905296
0.5566828896918894
0.3718055246151123
0.49391935304517964
0.36315054073813635
0.30352301121283853
0.5011649818428383
0.39312164819757556
0.9381041805009745
0.5083711888227364
0.22596667162202355
0.1777967579511901
0.22957310432231737
0.201988003211233
0.1919206385859491
0.1951595878919471
0.1649393021807658
0.18676654660381775
0.16158522514004148
0.15699948683764853
0.14678008349844618
0.13948644059672388
0.1779490246562978
0.14512084968474614
0.12814466505399313
0.13586823926100977
0.14096381851373097
0.15810683597944963
0.13023922198880988
0.14974551872389397
0.1508375733548014
0.149158966358089
0.12477126756084767
0.14991803226573486
0.12048473935095338
0.15876061197090507
0.15631242392573175
0.14497032271411625
0.12310191996618891
0.14349981165368542
0.11417706840953756
0.12125842332964154
0.15036576040996774
0.13056147236820737
0.11894015531897217
0.15876293598104052
0.11726640080521444
0.12458694944129045
0.1414465034489485
0.1566483629892349
0.14436376745132717
0.10265438958482431
0.11813650272470888
0.137215770449848
0.13955790341001983
0.11596091263768926
0.10797831563595572
0.12884908936592943
0.11994709618130428
0.13928727148031994
0.14263299032734622
0.13861294027662208
0.12342529309500583
0.14615443856650623
0.1458253590300298
0.14636115463358923
0.151283009691639
0.1572634473711647
0.12579961481303714
0.15609729130965555
0.14471014434538632
0.14743216330161568
0.11001820757339675
0.11990714318326035
0.1231711978337805
0.10046190088891482
0.1405717474003274
0.1495931081378803
0.14995013547648062
0.1368289225553817
0.14214303157873243 
 BEST COBYLA MINIMIZATION 
SHOTS = 10000
 message: Return from COBYLA because the trust region radius reaches its lower bound.
 success: True
  status: 0
     fun: 0.10046190088891482
       x: [ 4.178e+00  6.077e+00  7.250e-02  5.706e-01  7.368e-01
            6.336e+00  3.127e+00  1.202e+00  2.000e+00]
    nfev: 85
   maxcv: 0.0
 
 
 
 
