 COBYLA MINIMIZATION 8
shots = 50000
 message: Return from COBYLA because the trust region radius reaches its lower bound.
 success: True
  status: 0
     fun: 0.2507465283265998
       x: [ 3.001e+00  5.393e+00  5.544e+00  3.325e+00  3.587e+00
            1.836e+00  1.837e+00  7.181e+00  1.365e+00]
    nfev: 96
0.7853271737838379
0.6195858525902362
0.7796181511649726
0.7918336229507175
0.6433202311537921
0.6896716000673051
0.5004089829516135
0.7267027373403963
0.3789186008201457
0.5713566546599361
0.38827209060545076
0.3910812826521236
0.36883350574953366
0.36806230304441356
0.3731028788280566
0.3772149206375548
0.371315439284127
0.38132089997510143
0.36123837690613647
0.37108190810759256
0.3698795018786968
0.35182575413923634
0.3405411773873255
0.3184541060771877
0.30817362375059054
0.3172694352043367
0.30805546846641974
0.30087324790295145
0.3132801763444688
0.3001857545062563
0.2945110752445459
0.2892074374014528
0.29857786789828444
0.28712255473803827
0.27551233105524886
0.28487275693449277
0.28689999710305136
0.2803493758963337
0.2810237175034602
0.30367469422308047
0.28962199059563865
0.2717468550265756
0.25729913782832237
0.2701577108837758
0.2592672097246531
0.268976587902654
0.2612687186923113
0.2685627053573716
0.2732295848876459
0.27086617358052767
0.2690072811039592
0.2653272768433347
0.26284403427239145
0.26327334423412785
0.26331381456050895
0.2647619193805185
0.26383516577845
0.26675422626812484
0.27037783221109424
0.25972880987006275
0.26755397310317774
0.2588264578390287
0.2647779228699665
0.25966999472749297
0.2671981426246399
0.26985747537174953
0.27389185197441845
0.2641713961012865
0.2710959638384385
0.2507465283265998
0.2671048607922627
0.26561788044030077
0.2643566997313561
0.2628431225275346
0.2624812055834176
0.2606750037739869
0.2653506643751412
0.25936178930793274
0.26459407035476057
0.2732967771838133
0.27019341968928157
0.2719633033863815
0.2632760624617655
0.2580024992345852
0.27442017399814267
0.263322336608638
0.26385814881711733
0.26226782606498567
0.26773275417164655
0.27096411202110804
0.2701794721176959
0.2679909982597046
0.2676335883098673
0.2664363733251319
0.26805002623948715
0.26665678132781956 

 
 
 
 
