 COBYLA MINIMIZATION 7
shots = 50000
 message: Return from COBYLA because the trust region radius reaches its lower bound.
 success: True
  status: 0
     fun: 0.1988990512293647
       x: [ 4.860e+00  3.529e+00  5.309e+00  6.564e+00  1.614e+00
            3.721e+00  2.897e+00  1.800e+00  1.359e+00]
    nfev: 87
   maxcv: 0.0
0.9658176862330758
0.9832213158642439
0.8636049684648562
1.000090826322415
0.5239487956960505
0.25224224566424935
0.569336094927414
0.3705957893094176
0.44296975069913547
0.446248927738482
0.5094310124601638
0.24145701536185382
0.2622511039120633
0.23940261567191812
0.23333934824911107
0.2301639911294504
0.25206412061633166
0.24439603761544781
0.24940192742430012
0.23340341925750863
0.22244153524490895
0.22930445974138391
0.2256563045207296
0.2221193556280079
0.22319665891288099
0.23389305629066537
0.21511152535599354
0.2253986086212484
0.21246300343758595
0.20739573106957365
0.2090928855861096
0.21258129657342217
0.20953297686873174
0.21144942104122733
0.22263357025350827
0.20475787482770724
0.22590509201308195
0.2288344842618093
0.21484823357453198
0.2174182057031797
0.21917272812905753
0.20535743869770862
0.21249840647984997
0.21180444976664736
0.20867377854246993
0.21291723052149092
0.21350125301611766
0.21160623611363105
0.20471878129190424
0.21169141135473557
0.21036131901459332
0.2123072643172651
0.2135547378428101
0.22536275705576037
0.22223837025656135
0.21123830666411914
0.2128609635708878
0.2127991913071442
0.2054080331768573
0.21301076075754755
0.2210245267621409
0.21550477816143843
0.2172536886626052
0.2018596610407759
0.20304293807854612
0.2138558454085806
0.1988990512293647
0.21930739236311403
0.20675383950938697
0.21744574834214025
0.21994170693015846
0.21066556209783716
0.21171195596680892
0.21777222824107512
0.21143270930330993
0.21384968728186826
0.21264162201616854
0.2118204553052041
0.21344473104303907
0.20509190380464704
0.22139694874159854
0.20872818692654505
0.21116872986631074
0.21862917237613688
0.2094936236607844
0.21271834986130067
0.21947838327920755 

 
 
 
 
