 COBYLA MINIMIZATION 4
shots = 1024
 message: Return from COBYLA because the trust region radius reaches its lower bound.
 success: True
  status: 0
     fun: 0.3351173920157068
       x: [ 2.731e+00 -2.256e-01  1.356e+00  2.198e+00  5.583e+00
            3.437e+00  8.964e-01  2.131e+00  2.496e+00]
    nfev: 75
   maxcv: 0.0
0.930580096615225
0.6340238116021548
0.8864827203592193
0.7035244699634959
0.6728954620596608
0.7656328771328852
0.7129597373058114
0.9223360135957792
1.0006298366795126
0.5260838772251208
0.42459609706948265
0.45167582237662796
0.3621694693417561
0.4253081282802337
0.4102928881268868
0.5885889813705252
0.3351173920157068
0.4282876115280553
0.3995483155952463
0.45021470295307964
0.42723054139051553
0.3696135767820381
0.3962341850445541
0.36457319016908296
0.4086635318011105
0.44276159883909993
0.3797565339783384
0.40272836988130056
0.36448590807165604
0.3903754761650102
0.3783430105943453
0.4189486875
0.3891627058508502
0.37508467377209287
0.41360952509211135
0.40431747215264957
0.39671017493338967
0.3935534398954009
0.3894224791100206
0.44048198462661814
0.4348131506180871
0.39886182314716956
0.4102746923216769
0.40891885295225316
0.37676042919972685
0.378052046091905
0.4117547272697455
0.37080427425729534
0.39291113370340813
0.37980720929807754
0.39231809760829484
0.4275940258177421
0.39015711378992635
0.3791988390108555
0.3928260162782783
0.37667900666655785
0.40733121721162735
0.3518337810996456
0.4238079142171781
0.3963316711904913
0.38877213600817717
0.38923571985676253
0.3967500579244875
0.392524240355422
0.3782635407398536
0.4155445652878631
0.3748124707812096
0.41117111404220785
0.365499881186633
0.4040680178679844
0.35501329959607275
0.3790231563992198
0.3880710008727132
0.4655035548268954
0.4263676851277194 

 
 
 
 
